# Config: max_age=63 mutation_threshold=2 reproductive_age=12 birth_rate=0.1 mutation_rate=4 N0=1000 Nmax=10000 Tmax=10000
Iteration,Generation,Population_number,Average_age,Average_no_of_mutations,Average_total_mutations
32,0,1000,0,0.49,32
32,1,1000,1,1,32
32,2,992,2,1.50504,32
32,3,959,3,1.94056,32
32,4,913,4,2.39759,32
32,5,864,5,2.85417,32
32,6,809,6,3.31768,32
32,7,749,7,3.8024,32
32,8,693,8,4.29437,32
32,9,649,9,4.76117,32
32,10,602,10,5.26578,32
32,11,574,11,5.73519,32
32,12,536,12,6.27425,32
32,13,547,11.9543,6.27605,32.011
32,14,562,11.8114,6.23132,32.0071
32,15,575,11.6609,6.16348,31.9617
32,16,586,11.5734,6.15529,31.9966
32,17,610,11.4098,6.08033,31.9639
32,18,625,11.3632,6.0992,31.936
32,19,623,11.5538,6.17496,31.9872
32,20,640,11.6484,6.17656,31.9844
32,21,646,11.6981,6.18111,31.9752
32,22,646,11.9241,6.28019,31.9876
32,23,644,12.146,6.36491,32.0186
32,24,637,12.6452,6.64835,32.0157
32,25,635,13.0425,6.8189,32.0346
32,26,616,13.3799,6.96266,32.0584
32,27,618,13.4563,7.02913,32.0421
32,28,604,13.8228,7.19536,32.0563
32,29,602,14.0199,7.2608,32.0498
32,30,605,14.1537,7.33884,31.9967
32,31,598,14.102,7.29933,31.9666
32,32,592,14.2449,7.38514,31.9392
32,33,599,13.975,7.24207,31.9299
32,34,604,14.2252,7.35265,31.9106
32,35,602,14.3605,7.41362,31.907
32,36,588,14.4541,7.47449,31.8912
32,37,587,14.6593,7.55707,31.8842
32,38,586,14.9471,7.67065,31.9352
32,39,580,15.2776,7.78966,31.9276
32,40,580,15.0052,7.66034,31.9172
32,41,590,14.9492,7.58136,31.9322
32,42,592,15.0473,7.57095,31.9527
32,43,587,15.1158,7.63203,31.9796
32,44,587,15.3526,7.73765,31.9864
32,45,584,15.2483,7.71233,32.0274
32,46,576,15.3802,7.76042,32.0243
32,47,580,15.3552,7.73793,31.969
32,48,588,15.2415,7.68537,31.9864
32,49,588,15.4711,7.79592,31.9796
32,50,582,15.6254,7.8488,31.9622
32,51,578,15.673,7.88927,32.0138
32,52,582,15.6512,7.8677,31.9828
32,53,593,15.4975,7.83474,31.9663
32,54,596,15.4379,7.81879,31.9631
32,55,588,15.4439,7.82483,31.9796
32,56,587,15.6695,7.95741,31.9591
32,57,592,15.4983,7.82432,31.9831
32,58,595,15.1966,7.67059,32.0202
32,59,610,15.0049,7.58033,31.9869
32,60,615,15.0114,7.5935,31.9837
32,61,606,15.1188,7.65512,31.9868
32,62,611,15.0753,7.62357,31.9476
32,63,611,14.9362,7.53028,31.9214
32,64,600,13.4,6.74,31.94
32,65,597,13.6047,6.83585,31.8727
32,66,614,13.8078,6.96906,31.8697
32,67,613,13.9837,7,31.8499
32,68,616,14.3084,7.1461,31.8604
32,69,615,14.1902,7.05854,31.8309
32,70,613,14.2186,7.08809,31.8271
32,71,606,14.4472,7.20627,31.7657
32,72,588,14.4677,7.19898,31.7517
32,73,589,14.6214,7.27334,31.7385
32,74,580,14.7672,7.34655,31.769
32,75,578,14.5571,7.18685,31.7093
32,76,580,14.2069,6.98103,31.6621
32,77,588,13.966,6.88435,31.6565
32,78,589,14.056,6.89983,31.5993
32,79,578,14.0657,6.96713,31.5952
32,80,582,14.232,7.05155,31.5498
32,81,583,14.259,7.07204,31.6158
32,82,579,14.1054,6.98273,31.5648
32,83,593,14.2091,7.03373,31.5278
32,84,578,14.3875,7.11765,31.5017
32,85,566,14.5583,7.20848,31.523
32,86,565,14.7221,7.25664,31.515
32,87,565,14.7788,7.24248,31.4938
32,88,567,15.1658,7.42857,31.5344
32,89,577,15.1127,7.38475,31.5251
32,90,587,15.1635,7.39523,31.4583
32,91,588,15.0323,7.34354,31.4626
32,92,603,14.937,7.29851,31.4793
32,93,608,14.9293,7.30757,31.5066
32,94,612,14.7663,7.25163,31.4346
32,95,606,14.4785,7.09901,31.4818
32,96,613,14.6215,7.16966,31.4584
32,97,599,14.9399,7.31553,31.4457
32,98,599,15.025,7.35058,31.4725
32,99,604,14.9272,7.27318,31.5
32,100,606,14.9472,7.26403,31.4818
32,101,605,15.1554,7.31074,31.4545
32,102,601,15.5125,7.4609,31.5075
32,103,605,15.0727,7.20165,31.5306
32,104,600,14.9267,7.12833,31.5133
32,105,591,14.7953,7.0423,31.5296
32,106,587,15.0239,7.17376,31.4855
32,107,588,14.898,7.07653,31.5306
32,108,597,14.8744,7.04355,31.5209
32,109,606,14.7954,7.0264,31.5578
32,110,602,14.5631,6.94186,31.5316
32,111,615,14.4423,6.87317,31.5512
32,112,612,14.1111,6.7549,31.5948
32,113,617,14.201,6.77958,31.6045
32,114,622,14.0434,6.68489,31.6013
32,115,623,13.817,6.55377,31.5698
32,116,617,13.7488,6.52998,31.5851
32,117,616,13.8669,6.53896,31.5292
32,118,609,14.1675,6.68966,31.5074
32,119,613,14.0082,6.66395,31.5269
32,120,611,14.2422,6.76432,31.5286
32,121,618,14.2476,6.74595,31.5178
32,122,612,14.232,6.71078,31.5458
32,123,604,14.1225,6.65728,31.4967
32,124,613,13.9217,6.58564,31.5367
32,125,618,14.1731,6.72168,31.4951
32,126,628,14.4857,6.90605,31.4873
32,127,637,14.471,6.90895,31.4694
32,128,639,14.2254,6.77308,31.471
32,129,628,14.3694,6.79936,31.4427
32,130,634,14.4543,6.79495,31.4006
32,131,626,14.6278,6.89776,31.3962
32,132,629,14.6137,6.93641,31.3514
32,133,621,14.6264,6.95813,31.3913
32,134,630,14.5302,6.89365,31.4254
32,135,628,14.6608,6.97134,31.4618
32,136,627,14.622,6.95056,31.4769
32,137,631,14.7559,7.00158,31.477
32,138,631,14.8384,7.04596,31.496
32,139,635,14.937,7.04882,31.5024
32,140,639,14.7387,6.91862,31.4617
32,141,638,14.7524,6.93887,31.4357
32,142,647,14.7172,6.92117,31.4189
32,143,635,14.5512,6.8315,31.4016
32,144,642,14.5,6.8271,31.3956
32,145,641,14.6739,6.92668,31.3573
32,146,652,14.6104,6.92025,31.316
32,147,646,14.3622,6.77399,31.3251
32,148,625,14.5104,6.792,31.264
32,149,635,14.4394,6.81732,31.3417
32,150,631,14.8035,6.96355,31.3693
32,151,616,15.0536,7.09578,31.3734
32,152,621,15.2271,7.15781,31.3849
32,153,628,15.3408,7.25796,31.3758
32,154,637,15.1931,7.14914,31.3595
32,155,638,15.0455,7.07524,31.326
32,156,645,15.1271,7.08837,31.2682
32,157,645,14.9147,7.00155,31.2651
32,158,648,14.7932,6.94599,31.287
32,159,653,14.7994,6.94181,31.2282
32,160,660,14.7076,6.87576,31.203
32,161,672,14.5863,6.90327,31.2143
32,162,670,14.5015,6.8806,31.1672
32,163,677,14.483,6.83456,31.1256
32,164,661,14.6581,6.87292,31.1165
32,165,660,14.6833,6.85455,31.1273
32,166,658,15.1459,7.09574,31.0851
32,167,645,14.8884,6.92713,31.0636
32,168,635,15.0614,6.94646,31.074
32,169,647,14.881,6.80062,31.0788
32,170,644,15.0512,6.84161,31.0248
32,171,636,15.0928,6.86478,30.956
32,172,645,14.7938,6.72868,30.893
32,173,644,15.014,6.79969,30.8975
32,174,653,14.6554,6.54977,30.8484
32,175,658,14.4574,6.46049,30.8207
32,176,654,14.4572,6.45719,30.8226
32,177,643,14.4386,6.44168,30.8212
32,178,638,14.4404,6.4373,30.8464
32,179,638,14.3072,6.3605,30.8339
32,180,638,14.3417,6.36364,30.7712
32,181,641,14.1778,6.26521,30.727
32,182,642,14.2928,6.32866,30.6604
32,183,645,14.2279,6.28062,30.5798
32,184,649,14.0586,6.22496,30.5146
32,185,660,13.9803,6.22879,30.5182
32,186,666,14.006,6.22372,30.5766
32,187,650,13.9569,6.24462,30.6923
32,188,638,14.3809,6.42163,30.6583
32,189,645,14.4543,6.45581,30.6729
32,190,651,14.3548,6.39785,30.6882
32,191,653,14.2542,6.36753,30.7657
32,192,643,14.7823,6.63453,30.8149
32,193,642,14.4984,6.50312,30.81
32,194,633,14.5087,6.50711,30.7836
32,195,632,14.5981,6.54747,30.8006
32,196,629,14.7027,6.54213,30.7695
32,197,633,14.7978,6.60664,30.8246
32,198,640,14.6578,6.5625,30.8375
32,199,643,14.3966,6.39191,30.7776
32,200,642,14.3474,6.37227,30.7664
32,201,659,14.1502,6.28983,30.6707
32,202,658,14.1429,6.28571,30.6869
32,203,650,14.0692,6.21538,30.6554
32,204,652,14.2439,6.28067,30.6503
32,205,637,14.1711,6.24333,30.6656
32,206,636,14.2972,6.27516,30.6447
32,207,635,14.1906,6.21732,30.6425
32,208,650,14.2046,6.16615,30.6
32,209,656,14.3552,6.25,30.561
32,210,660,14.2606,6.2197,30.5424
32,211,653,14.2542,6.14855,30.5329
32,212,654,14.4419,6.25229,30.5505
32,213,663,14.2564,6.15988,30.5913
32,214,661,14.3782,6.23449,30.6445
32,215,655,14.3679,6.27481,30.6015
32,216,655,14.2824,6.20458,30.5557
32,217,640,14.3266,6.19062,30.5188
32,218,637,14.6641,6.34694,30.5024
32,219,628,15.1258,6.58599,30.5637
32,220,626,15.3227,6.71406,30.5974
32,221,627,15.3652,6.76396,30.622
32,222,626,15.5607,6.84345,30.5847
32,223,627,15.563,6.81818,30.5614
32,224,618,15.6505,6.85761,30.5081
32,225,636,15.3789,6.7217,30.4308
32,226,648,15.5679,6.82407,30.4691
32,227,636,15.4607,6.76415,30.4465
32,228,624,15.4247,6.70673,30.3205
32,229,630,15.3794,6.66667,30.3079
32,230,638,15.1536,6.54545,30.2539
32,231,641,15.3011,6.6131,30.2309
32,232,642,15.0763,6.5109,30.2461
32,233,641,14.8284,6.39002,30.259
32,234,641,14.7332,6.33229,30.209
32,235,641,14.7816,6.30265,30.1872
32,236,641,14.5523,6.15133,30.1872
32,237,634,14.47,6.07571,30.1199
32,238,632,14.6155,6.10918,30.1709
32,239,627,14.5933,6.126,30.1786
32,240,630,14.7683,6.23651,30.1619
32,241,641,14.9454,6.31357,30.1154
32,242,647,14.7125,6.25039,30.0989
32,243,643,14.8725,6.30638,30.0591
32,244,644,15.0016,6.3587,30.0373
32,245,658,14.9012,6.29787,30.0243
32,246,662,14.4486,6.12085,30.1027
32,247,668,14.5853,6.15719,30
32,248,662,14.3036,6.03021,29.9728
32,249,659,13.8771,5.7739,29.9363
32,250,661,13.6097,5.6233,29.882
32,251,652,13.9141,5.73466,29.8374
32,252,652,13.9356,5.75307,29.8067
32,253,643,14.0747,5.7916,29.832
32,254,653,14.2557,5.89127,29.8162
32,255,655,14.2626,5.85802,29.7802
32,256,652,14.1672,5.80061,29.7147
32,257,656,13.8948,5.66768,29.6799
32,258,646,14.048,5.70898,29.7059
32,259,653,14.1149,5.77182,29.7274
32,260,652,14.0798,5.70552,29.6595
32,261,651,14.1644,5.72043,29.6498
32,262,655,14.2305,5.72214,29.6397
32,263,654,14.5673,5.88838,29.6208
32,264,658,14.6778,5.91185,29.5988
32,265,663,14.7255,5.95475,29.5626
32,266,672,14.6027,5.93304,29.5149
32,267,662,14.5227,5.97281,29.6042
32,268,668,14.3713,5.87874,29.5659
32,269,673,14.4131,5.82615,29.5364
32,270,675,14.2978,5.78963,29.5793
32,271,672,14.186,5.72917,29.5446
32,272,672,13.9896,5.59524,29.5179
32,273,679,13.8778,5.54345,29.5022
32,274,681,13.8355,5.5257,29.486
32,275,686,13.398,5.3484,29.5219
32,276,677,13.4313,5.37518,29.4742
32,277,678,13.8422,5.49558,29.5133
32,278,680,13.7882,5.48235,29.5529
32,279,679,13.8689,5.51105,29.5493
32,280,689,13.6996,5.40493,29.4978
32,281,702,13.5883,5.37607,29.4786
32,282,699,13.5737,5.35908,29.5365
32,283,691,14.0839,5.59334,29.5195
32,284,699,13.9285,5.55651,29.5651
32,285,697,13.6141,5.42611,29.5036
32,286,699,13.8069,5.51216,29.4449
32,287,684,13.9722,5.5731,29.4474
32,288,667,14.2294,5.69115,29.3283
32,289,662,14.4577,5.78701,29.2598
32,290,675,14.1585,5.69185,29.3274
32,291,683,14.3045,5.74524,29.3031
32,292,679,14.3373,5.757,29.3196
32,293,679,14.0943,5.65832,29.2813
32,294,680,14.2235,5.69559,29.2382
32,295,686,14.1399,5.63411,29.2041
32,296,698,14.1748,5.65616,29.2636
32,297,702,13.953,5.56838,29.2707
32,298,708,13.5537,5.44774,29.2034
32,299,690,13.713,5.5058,29.1797
32,300,686,13.7988,5.55248,29.242
32,301,679,13.7511,5.52577,29.3019
32,302,674,13.7982,5.56083,29.3145
32,303,667,13.5472,5.36732,29.2804
32,304,664,13.5994,5.31325,29.2199
32,305,662,13.6208,5.28852,29.1692
32,306,666,13.518,5.25075,29.1712
32,307,670,13.8985,5.43731,29.1612
32,308,673,13.8975,5.44577,29.1382
32,309,684,13.7705,5.39912,29.2076
32,310,680,14.0015,5.46471,29.2
32,311,682,14.0117,5.46041,29.1642
32,312,679,14.2106,5.56848,29.2077
32,313,676,14.0947,5.48077,29.216
32,314,664,14.0301,5.49096,29.2319
32,315,670,14.0955,5.50597,29.2896
32,316,661,14.1573,5.54614,29.3616
32,317,678,14.0516,5.4882,29.3628
32,318,681,14.3128,5.6138,29.3891
32,319,688,14.2311,5.56395,29.3343
32,320,681,14.0837,5.51689,29.3098
32,321,689,14.1916,5.56313,29.2511
32,322,690,14.342,5.6087,29.2319
32,323,690,14.2058,5.53043,29.2348
32,324,699,14.4363,5.6495,29.2303
32,325,693,14.3665,5.59163,29.1948
32,326,696,14.4353,5.61351,29.1983
32,327,703,14.0754,5.45519,29.2461
32,328,702,14.2821,5.56268,29.2336
32,329,694,14.2925,5.53602,29.1354
32,330,708,14.4901,5.64831,29.0904
32,331,707,14.3296,5.57001,29.0297
32,332,713,14.1683,5.53717,29.0266
32,333,699,14.3076,5.56652,29.0243
32,334,702,14.3148,5.55556,29.057
32,335,689,14.193,5.47605,29.0131
32,336,691,14.1838,5.45731,28.9783
32,337,692,13.9668,5.38006,29.0434
32,338,705,13.7887,5.29362,29.0496
32,339,696,13.8233,5.33046,29.0402
32,340,703,13.6486,5.26174,29.027
32,341,692,13.7789,5.27746,29.0087
32,342,704,13.5952,5.18608,29.0142
32,343,696,13.6437,5.17098,29.0172
32,344,697,13.3845,5.09469,28.9182
32,345,702,13.4074,5.12251,28.9772
32,346,702,13.6496,5.16952,28.9744
32,347,699,13.794,5.19313,28.9528
32,348,697,13.6227,5.10473,28.9297
32,349,710,13.6028,5.09155,29.0028
32,350,705,13.9504,5.22128,28.9617
32,351,712,13.9213,5.23174,28.9101
32,352,718,14.11,5.3273,28.9499
32,353,714,13.9118,5.2479,28.888
32,354,707,14.0255,5.31117,28.9364
32,355,698,13.8625,5.16905,28.8596
32,356,714,13.6639,5.07423,28.8908
32,357,719,13.8359,5.14465,28.8957
32,358,722,13.8892,5.19529,28.8864
32,359,717,13.7001,5.11715,28.8619
32,360,706,13.551,5.06091,28.7904
32,361,713,13.0842,4.85975,28.805
32,362,708,13.1073,4.83333,28.8362
32,363,716,12.8925,4.78352,28.824
32,364,706,13.1246,4.88385,28.796
32,365,709,13.1016,4.90127,28.8688
32,366,711,13.2264,4.92968,28.9114
32,367,712,13.4424,4.99438,28.8904
32,368,716,13.7793,5.11732,28.852
32,369,720,13.8375,5.16806,28.7944
32,370,709,14.0917,5.25952,28.7814
32,371,722,14.2673,5.33795,28.7313
32,372,717,14.4114,5.35704,28.7671
32,373,726,14.314,5.3595,28.7713
32,374,734,14.3896,5.41417,28.7439
32,375,725,14.2662,5.36966,28.7697
32,376,727,14.2393,5.36039,28.762
32,377,727,14.2448,5.3425,28.7208
32,378,739,13.9391,5.22598,28.7551
32,379,736,14.0258,5.22962,28.6658
32,380,732,13.7678,5.12978,28.7213
32,381,731,13.8523,5.21477,28.7524
32,382,728,13.6896,5.1456,28.7445
32,383,735,13.5578,5.06803,28.7537
32,384,733,13.4079,4.97135,28.6767
32,385,729,13.1385,4.83128,28.7078
32,386,731,12.9097,4.73598,28.6512
32,387,719,13.064,4.77191,28.6426
32,388,728,12.9945,4.7761,28.6126
32,389,723,12.9322,4.73444,28.5947
32,390,724,12.9185,4.73066,28.5856
32,391,720,13.0847,4.81389,28.5861
32,392,719,13.114,4.84562,28.6036
32,393,721,13.2788,4.90707,28.516
32,394,725,13.3393,4.89931,28.389
32,395,710,13.369,4.88169,28.3577
32,396,719,13.5104,4.91238,28.3588
32,397,716,13.588,4.94274,28.338
32,398,716,13.9134,5.07542,28.3073
32,399,707,13.8798,5.02122,28.1895
32,400,704,13.8722,4.99148,28.1989
32,401,708,13.7429,4.9661,28.2316
32,402,726,13.6873,4.97796,28.281
32,403,713,13.7181,4.9425,28.2637
32,404,712,13.4199,4.86938,28.3287
32,405,719,13.5049,4.91655,28.2921
32,406,722,13.5568,4.91828,28.2659
32,407,716,13.6341,4.90782,28.176
32,408,708,13.8319,4.9887,28.2316
32,409,709,13.9379,5.00282,28.2313
32,410,697,13.7719,4.89383,28.1578
32,411,700,13.8314,4.94,28.2229
32,412,694,13.6167,4.83141,28.1873
32,413,714,13.5658,4.81232,28.1148
32,414,719,13.5855,4.79833,28.0584
32,415,712,13.7978,4.8764,28.1067
32,416,726,13.7342,4.88017,28.1322
32,417,738,13.4146,4.771,28.1545
32,418,739,13.5007,4.78214,28.0866
32,419,728,13.592,4.82143,28.0714
32,420,745,13.6268,4.83893,27.9946
32,421,731,13.4432,4.74008,27.9699
32,422,733,13.3547,4.68486,27.9782
32,423,723,13.4288,4.72199,27.9668
32,424,715,13.5315,4.79021,28.0196
32,425,722,13.4363,4.77424,28.0776
32,426,719,13.4284,4.71488,28.1029
32,427,731,13.6033,4.77291,28.1423
32,428,734,13.6621,4.82016,28.1226
32,429,739,13.8836,4.94181,28.1083
32,430,734,13.6144,4.85559,28.1144
32,431,732,13.7978,4.91667,27.9563
32,432,736,13.8071,4.9538,27.962
32,433,740,13.6108,4.85135,27.9568
32,434,746,13.5845,4.86997,27.9383
32,435,748,13.6511,4.87433,27.877
32,436,756,13.5913,4.85053,27.9233
32,437,744,13.7715,4.89113,27.8602
32,438,746,13.4705,4.78284,27.8123
32,439,732,13.8784,4.94672,27.7568
32,440,740,14.0216,4.99595,27.7892
32,441,743,13.9771,4.9852,27.7227
32,442,748,14.0214,4.96658,27.7968
32,443,746,14.1501,4.99598,27.7802
32,444,756,14.1098,4.97751,27.7328
32,445,758,14.0633,4.93931,27.6992
32,446,757,14.2801,4.97622,27.6856
32,447,754,14.3395,5.01724,27.6817
32,448,741,14.1795,4.96491,27.7193
32,449,738,13.9173,4.8916,27.7724
32,450,750,13.8947,4.85733,27.7547
32,451,757,13.6711,4.78203,27.7279
32,452,759,13.6153,4.74177,27.7523
32,453,757,13.8719,4.85733,27.7252
32,454,751,13.8802,4.86418,27.7523
32,455,764,13.9097,4.87958,27.7749
32,456,745,14.0725,4.86443,27.7154
32,457,740,14.177,4.92297,27.7
32,458,736,14.1576,4.92935,27.6875
32,459,727,14.0481,4.89133,27.6561
32,460,723,13.8409,4.78423,27.6791
32,461,734,14.1335,4.96185,27.6458
32,462,733,14.1692,4.90314,27.5061
32,463,737,14.3487,5.01357,27.5251
32,464,746,14.3633,5.00134,27.4906
32,465,747,13.8313,4.80054,27.5743
32,466,744,13.9315,4.83871,27.5968
32,467,746,14.0255,4.937,27.622
32,468,747,13.8782,4.90897,27.5797
32,469,758,13.8958,4.90897,27.5541
32,470,757,13.9009,4.94848,27.6169
32,471,769,13.9493,4.95969,27.5995
32,472,779,13.9859,4.96149,27.6046
32,473,791,13.7914,4.84703,27.5398
32,474,792,13.9343,4.87879,27.4722
32,475,795,13.9233,4.83774,27.4667
32,476,787,13.9606,4.87421,27.5299
32,477,771,13.8054,4.80804,27.5253
32,478,789,13.7262,4.77693,27.6147
32,479,794,13.2771,4.58942,27.6474
32,480,799,13.5519,4.70588,27.6971
32,481,801,13.633,4.66792,27.6554
32,482,787,13.4828,4.57942,27.6722
32,483,779,13.3684,4.49422,27.6303
32,484,786,13.5038,4.56616,27.6463
32,485,788,13.4594,4.54695,27.6294
32,486,777,13.5135,4.60489,27.583
32,487,786,13.5611,4.62341,27.5929
32,488,797,13.5533,4.60351,27.5558
32,489,798,13.6654,4.63409,27.4887
32,490,800,13.885,4.73125,27.42
32,491,794,13.6851,4.66373,27.3652
32,492,782,13.8389,4.69565,27.3913
32,493,788,13.8832,4.71954,27.3249
32,494,794,14.0466,4.80856,27.3577
32,495,778,13.7969,4.68252,27.3342
32,496,758,13.8668,4.66623,27.2902
32,497,762,13.9396,4.69291,27.3412
32,498,769,14.0065,4.74252,27.3966
32,499,765,13.9386,4.71634,27.3229
32,500,760,13.9013,4.72368,27.3474
32,501,758,13.7678,4.68074,27.3509
32,502,755,13.6821,4.61854,27.351
32,503,765,13.5948,4.58562,27.3804
32,504,772,13.5881,4.56088,27.3342
32,505,774,13.5749,4.55297,27.3307
32,506,762,13.3924,4.49606,27.3018
32,507,754,13.2997,4.46154,27.3289
32,508,768,13.4974,4.54167,27.3672
32,509,766,13.5914,4.57441,27.3629
32,510,759,13.7457,4.59684,27.3491
32,511,760,13.5987,4.55132,27.3737
32,512,767,13.4498,4.46545,27.3194
32,513,764,13.2369,4.39529,27.2382
32,514,769,13.3251,4.46554,27.1704
32,515,768,13.4974,4.48958,27.1562
32,516,756,13.6614,4.54894,27.1878
32,517,757,13.3606,4.41612,27.1968
32,518,764,13.5432,4.49215,27.2225
32,519,774,13.4134,4.47674,27.2351
32,520,770,13.7299,4.58312,27.2078
32,521,766,13.9517,4.62794,27.188
32,522,767,14.0756,4.67536,27.2047
32,523,773,13.8719,4.63648,27.2471
32,524,770,13.8117,4.62857,27.3273
32,525,778,14.0141,4.74293,27.3213
32,526,774,13.8773,4.70413,27.3307
32,527,763,13.6212,4.61599,27.3132
32,528,758,13.4314,4.56728,27.3219
32,529,747,13.4137,4.49799,27.3092
32,530,758,13.3931,4.4934,27.3509
32,531,749,13.5661,4.59947,27.271
32,532,754,13.3952,4.53448,27.2918
32,533,758,13.4037,4.5409,27.314
32,534,755,13.4821,4.56159,27.3245
32,535,752,13.6782,4.62367,27.2846
32,536,767,13.8149,4.70665,27.2751
32,537,764,14.0275,4.79974,27.3403
32,538,770,13.8909,4.70519,27.3143
32,539,766,13.782,4.6201,27.2245
32,540,784,13.6849,4.61735,27.2398
32,541,784,13.4847,4.53699,27.2653
32,542,784,13.5574,4.5727,27.3571
32,543,771,13.6991,4.63424,27.4137
32,544,756,13.6627,4.63228,27.373
32,545,760,13.6224,4.60789,27.3632
32,546,761,13.59,4.61104,27.4402
32,547,770,13.4779,4.56753,27.4208
32,548,759,13.4954,4.54414,27.473
32,549,764,13.3966,4.51832,27.5209
32,550,765,13.3072,4.47712,27.5242
32,551,775,13.4116,4.51355,27.5355
32,552,767,13.2177,4.45763,27.4263
32,553,768,13.3216,4.50521,27.4115
32,554,765,13.6222,4.60915,27.3386
32,555,769,13.3875,4.52146,27.3368
32,556,765,13.2941,4.43399,27.383
32,557,765,13.4366,4.46797,27.3935
32,558,756,13.541,4.4881,27.4603
32,559,758,13.5607,4.47625,27.4565
32,560,769,13.5384,4.49805,27.4798
32,561,775,13.4645,4.46968,27.4968
32,562,774,13.447,4.47804,27.4729
32,563,769,13.4304,4.47204,27.5007
32,564,747,13.6519,4.53681,27.4538
32,565,743,13.7793,4.58277,27.4482
32,566,748,13.7781,4.57353,27.4385
32,567,738,13.6965,4.57317,27.4336
32,568,735,13.5483,4.54422,27.4531
32,569,733,13.3956,4.46794,27.3834
32,570,733,13.4079,4.48431,27.4052
32,571,732,13.459,4.50683,27.4071
32,572,730,13.5384,4.50959,27.3808
32,573,730,13.5959,4.5274,27.4055
32,574,733,13.5962,4.52251,27.487
32,575,733,13.5812,4.51296,27.427
32,576,728,13.5659,4.48489,27.4341
32,577,751,13.522,4.50599,27.534
32,578,750,13.284,4.41333,27.5093
32,579,749,13.223,4.40988,27.5567
32,580,747,13.4967,4.49398,27.593
32,581,752,13.5984,4.52261,27.5931
32,582,756,13.9299,4.63228,27.6058
32,583,765,13.6954,4.55425,27.6026
32,584,764,13.7997,4.61387,27.5236
32,585,764,13.8887,4.67932,27.5524
32,586,772,13.8731,4.67746,27.5492
32,587,769,14.0507,4.72302,27.5137
32,588,772,14.2085,4.77461,27.5
32,589,770,14.2442,4.82338,27.5506
32,590,768,13.944,4.68229,27.5625
32,591,764,13.8743,4.65052,27.5209
32,592,760,13.6763,4.59342,27.4921
32,593,755,13.902,4.67152,27.4755
32,594,741,13.9312,4.69366,27.4575
32,595,736,14.0285,4.74185,27.4864
32,596,746,13.7815,4.68365,27.5201
32,597,751,13.7963,4.6751,27.5366
32,598,756,13.8148,4.66931,27.5582
32,599,747,13.8728,4.6988,27.5689
32,600,745,13.6617,4.63893,27.5839
32,601,746,13.5013,4.53887,27.6434
32,602,741,13.5263,4.46694,27.5843
32,603,721,13.7698,4.55756,27.5922
32,604,734,13.6935,4.53134,27.6213
32,605,740,13.7419,4.56081,27.5703
32,606,747,13.5743,4.52075,27.5127
32,607,753,13.6016,4.55777,27.4794
32,608,749,13.5354,4.53138,27.4686
32,609,734,13.9223,4.7139,27.4687
32,610,737,14.0244,4.7422,27.4681
32,611,746,13.8847,4.67292,27.5067
32,612,747,14.095,4.78046,27.5341
32,613,741,13.9865,4.74224,27.6329
32,614,741,14.027,4.68151,27.6329
32,615,743,14.144,4.74293,27.6851
32,616,748,13.9639,4.65909,27.6551
32,617,746,14.1206,4.72788,27.6247
32,618,746,14.0871,4.73056,27.5791
32,619,752,14.0665,4.68617,27.5745
32,620,753,14.174,4.75033,27.5511
32,621,758,14.2348,4.73087,27.4828
32,622,777,13.8777,4.62162,27.4775
32,623,776,13.8621,4.63402,27.5103
32,624,773,13.9547,4.63389,27.4799
32,625,770,13.8779,4.5974,27.439
32,626,770,13.874,4.57662,27.3844
32,627,771,13.6485,4.50584,27.4215
32,628,781,14.0205,4.61588,27.3931
32,629,786,13.7443,4.51781,27.4529
32,630,773,13.7387,4.44243,27.3868
32,631,763,13.9004,4.47575,27.3263
32,632,775,13.9652,4.53935,27.2981
32,633,772,13.8886,4.54016,27.3316
32,634,752,14.1476,4.57846,27.2819
32,635,764,14.0838,4.56675,27.322
32,636,758,14.0119,4.53958,27.3694
32,637,766,13.9269,4.51436,27.3629
32,638,766,13.8551,4.50522,27.3577
32,639,754,13.6538,4.41247,27.3687
32,640,757,13.6103,4.40819,27.4029
32,641,752,13.5213,4.3484,27.4069
32,642,749,13.6649,4.35514,27.3752
32,643,755,13.5682,4.3351,27.3219
32,644,760,13.5368,4.30132,27.2947
32,645,758,13.6227,4.35224,27.2533
32,646,761,13.6702,4.35217,27.2194
32,647,742,13.752,4.38275,27.1779
32,648,748,13.7179,4.4131,27.254
32,649,751,13.6605,4.37017,27.1877
32,650,763,13.4626,4.29096,27.1507
32,651,763,13.2241,4.22543,27.1402
32,652,764,13.0759,4.20026,27.178
32,653,778,13.3213,4.28278,27.2108
32,654,787,13.1004,4.20203,27.2529
32,655,786,13.2265,4.24555,27.2748
32,656,777,13.175,4.19434,27.2896
32,657,784,12.8316,4.03061,27.2602
32,658,790,12.8696,3.99873,27.2557
32,659,808,12.8775,3.99134,27.2698
32,660,808,13.0557,4.04332,27.2426
32,661,812,12.8645,3.94704,27.1946
32,662,831,12.7738,3.98556,27.1456
32,663,829,12.8432,4.01448,27.0881
32,664,823,12.9222,4.01944,27.0741
32,665,814,12.9791,4.05651,27.0835
32,666,820,13.05,4.07439,27.0512
32,667,830,12.9289,4.03976,27.0699
32,668,822,13.1448,4.11314,27.0827
32,669,813,13.3998,4.19311,27.1193
32,670,814,13.1646,4.11302,27.1425
32,671,823,12.9964,4.03645,27.2345
32,672,823,13.0486,4.0401,27.2151
32,673,830,13.1855,4.08675,27.1831
32,674,828,13.2971,4.11836,27.2464
32,675,837,13.1816,4.06213,27.2688
32,676,840,13.025,4.00476,27.2762
32,677,836,13.1376,4.02751,27.2177
32,678,840,12.9095,3.94762,27.2214
32,679,829,12.7587,3.86128,27.2545
32,680,837,12.638,3.85066,27.3047
32,681,828,12.5097,3.73551,27.2464
32,682,829,12.62,3.75875,27.199
32,683,804,12.7799,3.81841,27.1592
32,684,811,12.8212,3.82491,27.1714
32,685,814,12.9398,3.88084,27.1499
32,686,812,13.1108,3.92365,27.0764
32,687,823,13,3.91859,27.1422
32,688,830,13.0602,3.95181,27.1783
32,689,835,13.0491,3.9497,27.1449
32,690,838,13.1002,3.96181,27.0979
32,691,854,13.3314,4.05386,27.0913
32,692,857,13.2882,4.03151,27.0268
32,693,875,13.0183,3.92343,27.0491
32,694,878,12.918,3.85649,27.0524
32,695,862,13.0534,3.89095,27.0348
32,696,867,12.9539,3.88351,27.1165
32,697,855,12.9485,3.8,27.0901
32,698,853,13.245,3.9109,27.0832
32,699,850,13.2282,3.89176,27.0541
32,700,838,13.1802,3.86635,27.0811
32,701,839,13.1788,3.89869,27.1037
32,702,830,13.1687,3.92289,27.1133
32,703,821,13.592,4.07065,27.0889
32,704,840,13.5167,4.06786,27.1262
32,705,829,13.5754,4.08203,27.1291
32,706,836,13.7261,4.13636,27.122
32,707,835,13.6766,4.11737,27.0707
32,708,853,13.5029,4.07268,27.0246
32,709,851,13.7438,4.15511,27.0364
32,710,849,13.8021,4.1967,26.98
32,711,863,13.5122,4.11008,26.978
32,712,879,13.5119,4.0785,26.8987
32,713,884,13.4774,4.09729,26.8688
32,714,885,13.4045,4.07684,26.9356
32,715,894,13.3087,4.07047,26.9396
32,716,881,13.1782,4.03292,26.9444
32,717,871,12.9989,3.97474,26.9943
32,718,854,12.8021,3.93091,27.0234
32,719,837,12.9462,3.92234,27.0346
32,720,824,13.074,3.91626,26.9757
32,721,825,13.0703,3.87636,27.0085
32,722,827,13.0459,3.86336,27.0496
32,723,829,13.1894,3.89867,26.9747
32,724,833,13.2233,3.88475,26.9652
32,725,824,13.2439,3.87621,26.9223
32,726,822,13.2032,3.82968,26.9075
32,727,828,13.192,3.84783,26.9034
32,728,816,13.1912,3.86275,26.9485
32,729,831,13.4465,3.97473,26.9122
32,730,830,13.5506,3.9747,26.8458
32,731,828,13.7464,4.0157,26.7971
32,732,842,13.5796,3.95368,26.7743
32,733,827,13.4426,3.92382,26.7981
32,734,833,13.2725,3.86555,26.7683
32,735,828,13.3043,3.87923,26.7874
32,736,821,13.458,3.97929,26.8307
32,737,817,13.3439,3.92778,26.8152
32,738,818,13.1614,3.85208,26.8289
32,739,811,13.1615,3.87423,26.799
32,740,819,12.989,3.8315,26.7497
32,741,817,13.153,3.92901,26.7809
32,742,813,13.3296,3.97294,26.8118
32,743,811,13.2996,3.96671,26.8237
32,744,804,13.2923,3.89925,26.8134
32,745,807,13.2565,3.89963,26.7955
32,746,809,13.529,3.98146,26.7342
32,747,803,13.6002,3.99502,26.68
32,748,801,13.6292,3.98752,26.6567
32,749,811,13.5783,3.96178,26.6831
32,750,813,13.6716,4.01599,26.6962
32,751,806,13.4764,3.88958,26.6923
32,752,809,13.6131,3.95921,26.6255
32,753,811,13.5869,3.96054,26.6363
32,754,822,13.5146,3.96715,26.6423
32,755,833,13.6134,3.98679,26.7179
32,756,838,13.7363,4.00477,26.7422
32,757,841,13.5981,3.97503,26.8252
32,758,834,13.8585,4.08633,26.8153
32,759,841,14.0428,4.14031,26.8371
32,760,849,13.8987,4.08245,26.8245
32,761,850,13.8906,4.08941,26.8329
32,762,854,13.9578,4.1171,26.8923
32,763,849,13.8033,4.08245,26.9046
32,764,845,13.7041,4.0426,26.8994
32,765,851,13.4736,4.01058,26.9847
32,766,848,13.5106,4.0283,26.9882
32,767,849,13.8893,4.15901,26.9729
32,768,854,13.5539,3.98595,26.9625
32,769,847,13.7107,4.02715,26.9067
32,770,844,13.6967,4.01066,26.9147
32,771,838,13.6432,3.95943,26.8711
32,772,835,13.8275,4.06347,26.9222
32,773,840,13.8952,4.07738,26.85
32,774,838,14.0322,4.08592,26.8019
32,775,848,13.4882,3.91392,26.8585
32,776,852,13.4261,3.90493,26.8404
32,777,837,13.454,3.87814,26.8268
32,778,843,13.4176,3.89442,26.7853
32,779,838,13.3079,3.88186,26.7685
32,780,845,13.316,3.88521,26.8024
32,781,838,13.4021,3.92363,26.8831
32,782,840,13.5381,3.97143,26.919
32,783,833,13.5414,3.98559,26.9724
32,784,837,13.5699,4.02867,26.9869
32,785,849,13.457,3.99764,27.0224
32,786,840,13.4286,3.94286,26.969
32,787,845,13.6355,4.00592,26.9562
32,788,864,13.5428,4.01042,27.0069
32,789,850,13.6165,4.03882,26.9247
32,790,856,13.5409,4.03271,26.972
32,791,852,13.5352,3.98239,26.993
32,792,860,13.6779,4.00698,26.9814
32,793,859,13.2817,3.90803,26.9313
32,794,862,13.4733,3.96636,26.9397
32,795,865,13.5618,4.00116,26.9618
32,796,869,13.4108,3.93671,26.9758
32,797,880,13.3591,3.91818,27.0023
32,798,872,13.0665,3.79358,26.9679
32,799,891,13.0954,3.81033,27.0011
32,800,899,13.0745,3.83982,26.9722
32,801,895,12.9006,3.79441,26.981
32,802,895,13.1263,3.88492,27.0078
32,803,887,13.0722,3.89064,27.0868
32,804,887,12.9797,3.88275,27.1657
32,805,889,12.7964,3.83015,27.1451
32,806,895,12.8816,3.81341,27.1173
32,807,903,12.9579,3.87597,27.1694
32,808,901,13.1632,3.92453,27.1432
32,809,886,13.1998,3.90181,27.1806
32,810,889,13.2857,3.94826,27.1519
32,811,889,13.3386,3.95163,27.0484
32,812,896,13.3281,3.95982,26.9799
32,813,896,13.115,3.91183,26.9844
32,814,890,13.2629,3.93596,26.991
32,815,893,13.3247,3.96193,26.9586
32,816,867,13.4694,4.03345,26.9504
32,817,862,13.4861,4.05104,26.9304
32,818,848,13.5542,4.04717,26.9175
32,819,854,13.226,3.90398,26.9274
32,820,855,12.945,3.78596,26.8982
32,821,858,13.127,3.81702,26.9044
32,822,875,12.976,3.768,26.9166
32,823,893,12.8455,3.72452,26.8779
32,824,891,12.9394,3.73962,26.8485
32,825,913,12.7788,3.72837,26.7777
32,826,899,12.8966,3.75417,26.8343
32,827,897,12.922,3.74136,26.8294
32,828,899,12.6185,3.63404,26.8498
32,829,889,12.8301,3.65242,26.8796
32,830,890,13.0427,3.75506,26.8607
32,831,895,13.0827,3.75196,26.8536
32,832,900,13.1056,3.75333,26.7711
32,833,916,13.1376,3.76528,26.7773
32,834,912,12.8607,3.70614,26.8004
32,835,909,12.9989,3.74367,26.7965
32,836,916,12.9225,3.7631,26.8297
32,837,907,12.892,3.7376,26.8115
32,838,919,12.8107,3.7247,26.7661
32,839,928,12.8384,3.73168,26.7198
32,840,926,12.9352,3.77322,26.7019
32,841,915,13.1902,3.86339,26.6732
32,842,916,13.3439,3.92904,26.7052
32,843,912,13.1952,3.88706,26.7588
32,844,909,13.077,3.85149,26.8119
32,845,913,13.0515,3.8368,26.8587
32,846,921,13.1618,3.89902,26.8295
32,847,912,13.1316,3.86184,26.7434
32,848,917,13.2366,3.90731,26.7306
32,849,912,13.1787,3.88816,26.7675
32,850,903,13.1373,3.85382,26.7752
32,851,904,13.031,3.79978,26.8119
32,852,889,13.0922,3.78965,26.7492
32,853,905,13.0961,3.78895,26.7227
32,854,890,13.5045,3.92022,26.6831
32,855,889,13.7165,4.03037,26.7109
32,856,878,13.7882,4.05353,26.6856
32,857,856,13.6238,4.05491,26.7056
32,858,867,13.7566,4.08651,26.6967
32,859,859,13.8009,4.08498,26.6659
32,860,870,13.8621,4.14483,26.692
32,861,872,13.7099,4.05161,26.6376
32,862,878,13.4795,4.00456,26.656
32,863,864,13.2049,3.88194,26.6551
32,864,870,12.9103,3.73218,26.7218
32,865,861,12.9965,3.73984,26.6783
32,866,858,13.2238,3.81119,26.7552
32,867,860,13.3349,3.84419,26.7233
32,868,868,13.4136,3.83871,26.7143
32,869,874,13.5,3.91076,26.7414
32,870,875,13.6663,4,26.7543
32,871,875,13.6114,3.98286,26.7429
32,872,867,13.5052,3.95617,26.7428
32,873,857,13.5951,3.97666,26.6791
32,874,865,13.4451,3.93757,26.6728
32,875,864,13.3981,3.92014,26.6389
32,876,859,13.241,3.81839,26.6054
32,877,858,13.2366,3.83333,26.7086
32,878,858,13.1958,3.78322,26.6667
32,879,861,13.3148,3.85714,26.6945
32,880,864,13.4062,3.8912,26.6713
32,881,865,13.3526,3.89017,26.6197
32,882,872,13.164,3.81881,26.6812
32,883,871,13.2606,3.85993,26.6935
32,884,869,13.2497,3.83199,26.6651
32,885,875,13.2617,3.84229,26.7063
32,886,888,13.1791,3.81306,26.7207
32,887,887,13.133,3.78241,26.6832
32,888,885,12.8972,3.67119,26.6395
32,889,888,12.8773,3.66104,26.5405
32,890,880,13.0341,3.72159,26.4818
32,891,880,12.9955,3.75455,26.5841
32,892,885,13.0497,3.78531,26.5379
32,893,896,13.0692,3.81027,26.5112
32,894,896,12.8973,3.73549,26.5112
32,895,891,12.9181,3.75196,26.5881
32,896,899,12.9833,3.77642,26.6207
32,897,895,12.9419,3.75307,26.6101
32,898,889,12.9989,3.77053,26.6187
32,899,883,12.8335,3.72933,26.607
32,900,864,13.0012,3.81134,26.6389
32,901,862,13.2181,3.87703,26.6497
32,902,864,13.0463,3.77315,26.6042
32,903,850,13.0588,3.77529,26.6118
32,904,861,13.0604,3.75842,26.5784
32,905,863,13.2793,3.80881,26.628
32,906,872,13.1525,3.76261,26.5826
32,907,863,12.8123,3.61761,26.635
32,908,876,12.8858,3.65297,26.6438
32,909,886,12.8521,3.693,26.6772
32,910,879,13.0557,3.74744,26.6598
32,911,877,13.0753,3.76625,26.6317
32,912,877,13.203,3.81528,26.7366
32,913,886,13.2212,3.84876,26.6659
32,914,868,12.9954,3.72811,26.7281
32,915,868,12.9954,3.75691,26.7212
32,916,855,13.0281,3.79064,26.7205
32,917,852,13.0293,3.78052,26.7254
32,918,853,13.0504,3.81946,26.8136
32,919,868,13.1048,3.85023,26.8111
32,920,867,13.1845,3.89965,26.7774
32,921,871,12.8599,3.76808,26.7463
32,922,885,12.7277,3.73672,26.748
32,923,873,12.5624,3.68499,26.795
32,924,862,12.6961,3.74478,26.6821
32,925,861,12.6725,3.72009,26.6969
32,926,846,12.7518,3.69504,26.6336
32,927,859,12.8009,3.72643,26.6147
32,928,854,13.0539,3.79977,26.6393
32,929,868,13.1152,3.84677,26.6175
32,930,860,13.15,3.86395,26.6
32,931,874,12.9989,3.80778,26.6545
32,932,889,12.8234,3.70641,26.5759
32,933,882,12.6293,3.60998,26.5351
32,934,877,12.6625,3.59293,26.504
32,935,874,12.6968,3.60183,26.5584
32,936,872,12.6158,3.59404,26.5986
32,937,870,12.6161,3.55057,26.5494
32,938,868,12.75,3.55991,26.5507
32,939,869,12.6053,3.46375,26.5639
32,940,876,12.6507,3.47717,26.605
32,941,881,12.731,3.55278,26.622
32,942,897,12.7681,3.55295,26.6243
32,943,881,12.7684,3.52327,26.5244
32,944,878,13.0057,3.61845,26.4465
32,945,876,13.1324,3.65868,26.4361
32,946,863,13.3778,3.75898,26.4705
32,947,858,13.4545,3.78671,26.4336
32,948,847,13.4876,3.79929,26.4109
32,949,857,13.1564,3.68495,26.3874
32,950,860,13.1512,3.68488,26.3558
32,951,854,12.9637,3.66979,26.4403
32,952,844,12.955,3.641,26.4005
32,953,848,12.9599,3.64387,26.4245
32,954,847,13.0661,3.67532,26.4911
32,955,834,13.0707,3.67266,26.5228
32,956,852,12.838,3.60563,26.446
32,957,868,13.1083,3.70046,26.4171
32,958,871,13.1607,3.72101,26.3881
32,959,859,12.9837,3.69965,26.461
32,960,864,13.1991,3.77546,26.456
32,961,858,13.2902,3.79604,26.4429
32,962,869,13.191,3.76295,26.4649
32,963,868,13.1164,3.74078,26.4263
32,964,871,13.2067,3.78186,26.4248
32,965,873,13.331,3.81672,26.4192
32,966,876,13.2991,3.83562,26.4155
32,967,882,13.3605,3.86848,26.4014
32,968,902,13.3792,3.84812,26.388
32,969,897,13.3523,3.83612,26.4169
32,970,901,13.04,3.75472,26.2997
32,971,910,13.0308,3.76154,26.2967
32,972,909,13.0616,3.75028,26.2882
32,973,903,12.8804,3.68217,26.2569
32,974,891,13.064,3.69248,26.2492
32,975,881,13.0863,3.69126,26.202
32,976,871,13.2158,3.69805,26.2021
32,977,870,13.0644,3.64713,26.2391
32,978,870,13.1713,3.68736,26.1931
32,979,867,13.1373,3.72203,26.2837
32,980,862,13.0487,3.67981,26.3109
32,981,851,12.8261,3.63572,26.376
32,982,839,13.1204,3.75089,26.3838
32,983,843,13.0795,3.72479,26.3915
32,984,837,13.0609,3.7264,26.4397
32,985,830,12.7988,3.57831,26.4506
32,986,833,12.8235,3.60264,26.4586
32,987,843,12.7699,3.6038,26.4365
32,988,837,12.8256,3.59857,26.3656
32,989,835,13.0287,3.64072,26.3665
32,990,850,13.1129,3.67882,26.4306
32,991,853,12.8511,3.62954,26.3869
32,992,855,12.8901,3.66667,26.4561
32,993,853,13.1266,3.70106,26.3798
32,994,862,13.2506,3.7471,26.4153
32,995,852,13.284,3.74883,26.4272
32,996,854,13.2553,3.77752,26.4871
32,997,844,13.4609,3.83649,26.4289
32,998,841,13.352,3.82878,26.4352
32,999,845,13.4284,3.83787,26.4426
32,1000,853,13.5545,3.88042,26.422
32,1001,864,13.2662,3.81829,26.4699
32,1002,858,13.4452,3.86247,26.4452
32,1003,865,13.4751,3.86243,26.4671
32,1004,842,13.3385,3.81116,26.5178
32,1005,838,13.2613,3.79833,26.568
32,1006,831,13.2912,3.78219,26.6546
32,1007,845,13.129,3.75976,26.5822
32,1008,841,13.1094,3.7931,26.6017
32,1009,835,13.2347,3.83713,26.6299
32,1010,835,13.2707,3.81916,26.6635
32,1011,842,13.5036,3.92043,26.6485
32,1012,830,13.3663,3.85301,26.6506
32,1013,825,13.2873,3.83394,26.6061
32,1014,835,13.3066,3.83952,26.6659
32,1015,833,13.4394,3.86315,26.6651
32,1016,830,13.4422,3.88072,26.6795
32,1017,818,13.3044,3.81907,26.6112
32,1018,812,13.3473,3.87315,26.6182
32,1019,806,13.0471,3.77667,26.5831
32,1020,817,13.1322,3.80049,26.5802
32,1021,828,13.4457,3.87198,26.5
32,1022,819,13.4188,3.88523,26.5055
32,1023,816,13.5466,3.90809,26.4706
32,1024,818,13.5281,3.87653,26.4597
32,1025,816,13.6458,3.93137,26.4828
32,1026,801,13.4382,3.85268,26.4869
32,1027,812,13.5135,3.867,26.5296
32,1028,818,13.5685,3.9022,26.5012
32,1029,814,13.7138,3.9484,26.4496
32,1030,813,13.8758,4.00123,26.4453
32,1031,814,13.7604,3.92138,26.4324
32,1032,818,13.78,3.92176,26.3912
32,1033,815,13.8417,3.93006,26.3509
32,1034,812,13.5973,3.87562,26.335
32,1035,810,13.4148,3.82716,26.3383
32,1036,813,13.1501,3.73678,26.3247
32,1037,813,13.337,3.78844,26.3838
32,1038,821,13.4799,3.89038,26.3508
32,1039,831,13.2888,3.81829,26.3514
32,1040,829,13.3016,3.79855,26.3691
32,1041,829,13.222,3.77443,26.3522
32,1042,821,13.0914,3.72716,26.3873
32,1043,839,13.149,3.764,26.4052
32,1044,841,13.0595,3.72533,26.4138
32,1045,849,13.1296,3.74441,26.4405
32,1046,835,13.4707,3.82156,26.3689
32,1047,857,13.4702,3.79813,26.3337
32,1048,861,13.5772,3.85017,26.3113
32,1049,854,13.8279,3.86066,26.2951
32,1050,854,13.5831,3.75293,26.2763
32,1051,870,13.4897,3.73103,26.2391
32,1052,860,13.5256,3.71512,26.2767
32,1053,872,13.4083,3.70528,26.3096
32,1054,887,13.2131,3.69899,26.3157
32,1055,882,13.2619,3.7551,26.3628
32,1056,889,13.0427,3.70529,26.3105
32,1057,885,13.1627,3.72655,26.296
32,1058,894,13.0034,3.64653,26.3043
32,1059,900,12.8556,3.62,26.2667
32,1060,899,12.7063,3.5495,26.2892
32,1061,890,12.7,3.53034,26.2764
32,1062,897,12.6533,3.52508,26.3456
32,1063,878,12.8109,3.582,26.3007
32,1064,884,13.0724,3.64932,26.2964
32,1065,869,13.2716,3.6847,26.3452
32,1066,864,13.3866,3.74884,26.3565
32,1067,868,13.4747,3.75691,26.3825
32,1068,876,13.379,3.69977,26.3219
32,1069,879,13.5472,3.78385,26.3208
32,1070,880,13.8216,3.90568,26.325
32,1071,880,13.7091,3.88864,26.3386
32,1072,884,13.5362,3.84276,26.3122
32,1073,884,13.44,3.82466,26.3122
32,1074,885,13.2034,3.71864,26.339
32,1075,894,13.019,3.65213,26.3602
32,1076,896,12.8538,3.61161,26.3884
32,1077,908,12.891,3.63216,26.3811
32,1078,902,12.8381,3.58093,26.3659
32,1079,895,12.8291,3.56536,26.3665
32,1080,897,12.8071,3.56968,26.3278
32,1081,903,12.9424,3.57918,26.3566
32,1082,904,12.9392,3.59181,26.4004
32,1083,897,13.097,3.63991,26.4259
32,1084,885,13.3073,3.67458,26.3887
32,1085,888,13.3896,3.69707,26.3559
32,1086,868,13.273,3.60369,26.3088
32,1087,867,13.1534,3.54787,26.2814
32,1088,875,13.0766,3.55314,26.2263
32,1089,867,12.9366,3.45559,26.1384
32,1090,855,13.1111,3.49708,26.1754
32,1091,866,13.1409,3.51386,26.1501
32,1092,877,13.2166,3.57925,26.1186
32,1093,868,13.3122,3.60369,26.1221
32,1094,867,13.0773,3.55479,26.0877
32,1095,862,13.0592,3.56148,26.0162
32,1096,875,13.1474,3.64571,26.0526
32,1097,863,12.9965,3.58633,26.0324
32,1098,864,13.0012,3.5544,26.0926
32,1099,862,13.0012,3.54292,26.1253
32,1100,859,12.9837,3.53434,26.1211
32,1101,866,13.0173,3.53349,26.1085
32,1102,879,13.0159,3.54039,26.1365
32,1103,891,12.8283,3.52189,26.2334
32,1104,891,13.0875,3.62738,26.193
32,1105,878,13.0661,3.59567,26.1708
32,1106,889,13.0461,3.57705,26.216
32,1107,883,13.2537,3.6376,26.222
32,1108,883,13.2548,3.68516,26.2288
32,1109,887,13.5209,3.81962,26.1894
32,1110,882,13.585,3.84127,26.2472
32,1111,871,13.6142,3.82434,26.3077
32,1112,864,13.6262,3.89583,26.3912
32,1113,873,13.5223,3.86025,26.3253
32,1114,867,13.4441,3.78547,26.3091
32,1115,873,13.2337,3.72852,26.3047
32,1116,861,13.1405,3.66783,26.3647
32,1117,857,13.4411,3.74446,26.3477
32,1118,856,13.4673,3.71495,26.3715
32,1119,866,13.3695,3.66975,26.3834
32,1120,862,13.3863,3.67169,26.3411
32,1121,859,13.2596,3.66822,26.2608
32,1122,858,13.1131,3.64569,26.296
32,1123,848,13.1002,3.62146,26.3113
32,1124,844,12.9479,3.55924,26.3436
32,1125,837,13.1828,3.65711,26.3369
32,1126,855,12.9509,3.58246,26.3158
32,1127,860,12.793,3.57093,26.3442
32,1128,849,12.8221,3.59717,26.3133
32,1129,836,12.8218,3.60167,26.2512
32,1130,843,12.5979,3.55991,26.2206
32,1131,839,12.7902,3.62813,26.2718
32,1132,849,12.9305,3.64429,26.2097
32,1133,845,13.0722,3.66391,26.1941
32,1134,838,13.3425,3.7494,26.2554
32,1135,818,13.3655,3.7176,26.2567
32,1136,808,13.474,3.76856,26.25
32,1137,809,13.7837,3.85661,26.2324
32,1138,799,14.005,3.93242,26.2453
32,1139,809,13.9951,3.97528,26.2373
32,1140,813,13.9274,3.99262,26.2583
32,1141,821,13.8879,4.04385,26.3337
32,1142,829,13.5139,3.9047,26.3233
32,1143,832,13.3618,3.86298,26.3678
32,1144,830,13.4458,3.89277,26.4361
32,1145,816,13.2819,3.84069,26.4314
32,1146,802,13.2257,3.79302,26.3392
32,1147,818,13.2946,3.8313,26.3643
32,1148,830,13.0482,3.8,26.3398
32,1149,833,13.0996,3.83193,26.4034
32,1150,842,12.7352,3.7399,26.4869
32,1151,831,12.7557,3.7136,26.4597
32,1152,822,12.7859,3.71898,26.4818
32,1153,814,12.8391,3.70147,26.5209
32,1154,809,12.6749,3.65637,26.5414
32,1155,803,12.7771,3.62889,26.528
32,1156,806,12.861,3.64268,26.5211
32,1157,801,12.8639,3.6417,26.5893
32,1158,807,12.8092,3.6109,26.6072
32,1159,812,12.8695,3.67365,26.6379
32,1160,834,12.8921,3.68345,26.6906
32,1161,834,12.9149,3.69305,26.7026
32,1162,826,13.0969,3.77482,26.6707
32,1163,831,13.1059,3.77136,26.6715
32,1164,849,13.2226,3.80094,26.6243
32,1165,853,12.823,3.67644,26.6049
32,1166,853,12.8347,3.67292,26.5885
32,1167,854,13.0258,3.72482,26.6089
32,1168,850,12.9059,3.70235,26.6118
32,1169,855,12.8152,3.69357,26.7111
32,1170,858,13.0058,3.74825,26.7552
32,1171,870,13.0333,3.76092,26.7471
32,1172,861,12.9779,3.73171,26.7503
32,1173,846,13.039,3.72931,26.7896
32,1174,855,13.3462,3.85146,26.7789
32,1175,860,13.3988,3.86047,26.7698
32,1176,846,13.2636,3.8026,26.7754
32,1177,844,13.3614,3.85427,26.7962
32,1178,838,13.315,3.8926,26.8353
32,1179,844,13.4325,3.94076,26.8389
32,1180,842,13.5974,4.05226,26.8361
32,1181,835,13.897,4.15808,26.7784
32,1182,853,13.7268,4.14068,26.7292
32,1183,845,13.5467,4.08402,26.7077
32,1184,839,13.4529,4.0584,26.8296
32,1185,855,13.3158,4.03509,26.8234
32,1186,862,13.2622,4.04292,26.7633
32,1187,868,13.4539,4.12442,26.7949
32,1188,861,13.3368,4.04762,26.8246
32,1189,863,13.2283,4.02433,26.8598
32,1190,865,13.0751,3.98844,26.9249
32,1191,859,13.0023,3.94994,26.8801
32,1192,864,12.9884,3.94213,26.8981
32,1193,869,13.0403,3.94822,26.8792
32,1194,866,13.0681,3.94688,26.9099
32,1195,835,13.1389,3.9521,26.9174
32,1196,829,13.304,3.97105,26.8589
32,1197,832,13.4195,4.01683,26.863
32,1198,830,13.4386,4.00602,26.8193
32,1199,827,13.1995,3.91294,26.8392
32,1200,825,13.2376,3.90182,26.7806
32,1201,835,13.2743,3.89581,26.7832
32,1202,841,13.264,3.92866,26.7848
32,1203,855,13.4561,3.98596,26.7579
32,1204,866,13.1721,3.92148,26.8129
32,1205,861,13.2021,3.89663,26.7967
32,1206,843,13.3286,3.94781,26.7782
32,1207,840,13.3143,3.9119,26.719
32,1208,840,13.2429,3.94048,26.7857
32,1209,834,13.4077,4.01559,26.8393
32,1210,841,13.6397,4.16052,26.8514
32,1211,830,13.6783,4.17108,26.8819
32,1212,833,13.7707,4.20648,26.9268
32,1213,833,13.6831,4.18727,26.9076
32,1214,824,13.4672,4.10558,26.9126
32,1215,820,13.722,4.17439,26.9366
32,1216,818,13.8557,4.21394,26.8875
32,1217,824,13.9029,4.23908,26.9272
32,1218,825,13.8655,4.22667,26.9624
32,1219,832,13.8594,4.2524,26.9784
32,1220,836,14.0502,4.34091,26.9833
32,1221,822,13.9319,4.27007,26.9659
32,1222,825,14.1939,4.38788,26.9624
32,1223,830,14.0759,4.34096,26.9542
32,1224,824,13.8604,4.25728,26.9782
32,1225,823,13.7448,4.22965,26.9769
32,1226,815,13.4135,4.10552,26.9423
32,1227,806,13.6278,4.13772,26.9355
32,1228,799,13.3805,4.01627,26.8961
32,1229,808,13.0718,3.92203,26.8688
32,1230,808,13.3255,4.0297,26.8985
32,1231,815,13.2,3.99387,26.8785
32,1232,812,13.1835,3.99877,26.8916
32,1233,820,13.089,3.99268,26.7927
32,1234,826,13.069,3.96852,26.7893
32,1235,825,13.0764,3.94788,26.8242
32,1236,830,12.8988,3.87831,26.8072
32,1237,841,12.9822,3.9453,26.8157
32,1238,821,12.782,3.83557,26.7795
32,1239,811,12.9359,3.90875,26.6732
32,1240,819,12.7265,3.84249,26.7179
32,1241,821,12.5493,3.74787,26.6577
32,1242,838,12.5489,3.78043,26.685
32,1243,833,12.7887,3.89676,26.7515
32,1244,833,12.6411,3.81513,26.7107
32,1245,825,12.8594,3.85091,26.7345
32,1246,819,12.8779,3.88278,26.7473
32,1247,819,12.8706,3.87424,26.7814
32,1248,829,12.7913,3.83474,26.8516
32,1249,830,12.794,3.8506,26.8602
32,1250,836,13.0156,3.89115,26.7512
32,1251,842,13.0677,3.93943,26.7078
32,1252,828,13.2959,4.0314,26.6546
32,1253,835,13.3832,4.05269,26.7569
32,1254,836,13.512,4.11364,26.7392
32,1255,835,13.5102,4.09341,26.7737
32,1256,843,13.4176,4.10439,26.7734
32,1257,847,13.4238,4.11924,26.7863
32,1258,848,13.3738,4.12854,26.8302
32,1259,848,13.3715,4.14505,26.8491
32,1260,841,13.4055,4.11177,26.8228
32,1261,844,13.3258,4.09123,26.8791
32,1262,836,13.116,3.9988,26.9115
32,1263,849,12.9223,3.91873,26.9258
32,1264,861,12.9489,3.90941,26.9431
32,1265,851,13.0306,3.9342,26.9612
32,1266,832,13.0829,3.91947,26.9351
32,1267,838,13.0477,3.91766,26.9332
32,1268,830,13.094,3.93253,26.9542
32,1269,844,12.9905,3.90995,26.9716
32,1270,845,13.0485,3.93728,26.9633
32,1271,835,13.0024,3.94251,26.8862
32,1272,836,13.1256,4.01077,26.9426
32,1273,839,13.2265,4.05244,26.9321
32,1274,842,13.0487,3.99525,26.9976
32,1275,813,12.952,3.91144,26.9077
32,1276,806,12.9342,3.95906,26.933
32,1277,821,13.0536,4,26.877
32,1278,833,13.0684,4.02521,26.8884
32,1279,834,13.2086,4.04077,26.8825
32,1280,821,13.0402,3.96833,26.8404
32,1281,818,13.0733,3.98655,26.8093
32,1282,821,13.2083,4.0268,26.799
32,1283,818,13.033,3.96455,26.7873
32,1284,827,13.0109,3.93108,26.7086
32,1285,820,12.8146,3.86829,26.6805
32,1286,825,12.8667,3.86909,26.6424
32,1287,816,12.7819,3.77083,26.6789
32,1288,816,12.7941,3.75735,26.6618
32,1289,818,12.9144,3.82518,26.6186
32,1290,813,12.9865,3.82657,26.6273
32,1291,816,13.0417,3.84314,26.5858
32,1292,828,12.9372,3.83454,26.5966
32,1293,823,13.0109,3.86391,26.5565
32,1294,832,13.0649,3.91346,26.5913
32,1295,833,13.042,3.91116,26.6218
32,1296,814,13.3133,3.97912,26.5479
32,1297,808,13.5619,4.0495,26.5569
32,1298,803,13.6725,4.1208,26.6526
32,1299,795,13.5887,4.08176,26.6264
32,1300,802,13.5948,4.11222,26.6284
32,1301,794,13.5403,4.07053,26.6499
32,1302,803,13.7235,4.132,26.6401
32,1303,803,13.6961,4.08095,26.6301
32,1304,813,13.4403,4.03321,26.6814
32,1305,817,13.5214,4.07589,26.7099
32,1306,814,13.6302,4.11302,26.6855
32,1307,815,13.6883,4.13988,26.7362
32,1308,830,13.7205,4.16506,26.7518
32,1309,826,13.4407,4.03874,26.7022
32,1310,824,13.6408,4.09951,26.7063
32,1311,821,13.8295,4.17418,26.7284
32,1312,824,13.9927,4.23301,26.7937
32,1313,816,13.7782,4.16544,26.701
32,1314,813,13.754,4.15744,26.6888
32,1315,806,13.9032,4.20347,26.6948
32,1316,812,13.4507,4.06404,26.7192
32,1317,825,13.4618,4.08364,26.7515
32,1318,825,13.3952,4.08606,26.8024
32,1319,821,13.6784,4.24482,26.821
32,1320,808,13.6795,4.23267,26.8366
32,1321,796,13.6269,4.17337,26.7663
32,1322,804,13.4838,4.13184,26.6741
32,1323,822,13.3905,4.11557,26.7056
32,1324,819,13.4774,4.12576,26.7082
32,1325,822,13.4161,4.05596,26.6886
32,1326,822,13.562,4.10462,26.6983
32,1327,811,13.4599,4.02466,26.7078
32,1328,818,13.654,4.12103,26.7213
32,1329,821,13.7235,4.12424,26.665
32,1330,833,13.6663,4.10924,26.6915
32,1331,848,13.6262,4.12382,26.6769
32,1332,847,13.5891,4.08146,26.6682
32,1333,845,13.7432,4.13964,26.6722
32,1334,849,13.4075,4.03769,26.6643
32,1335,836,13.5706,4.09211,26.6077
32,1336,835,13.3365,4.02994,26.6228
32,1337,841,13.2866,4.04756,26.5517
32,1338,845,13.6,4.14793,26.6059
32,1339,847,13.4227,4.01889,26.6257
32,1340,851,13.2209,3.92362,26.5899
32,1341,857,13.1249,3.91832,26.6091
32,1342,850,13.0788,3.87294,26.5788
32,1343,849,12.9529,3.84217,26.563
32,1344,844,12.8827,3.80569,26.545
32,1345,853,12.7773,3.74209,26.5346
32,1346,846,13.0071,3.8227,26.5106
32,1347,855,12.7614,3.78713,26.5684
32,1348,860,12.4733,3.62907,26.5279
32,1349,863,12.4345,3.63152,26.5747
32,1350,848,12.4764,3.61085,26.5802
32,1351,856,12.5607,3.66706,26.6098
32,1352,860,12.4791,3.65581,26.5814
32,1353,853,12.4725,3.66589,26.6049
32,1354,850,12.4871,3.64118,26.6635
32,1355,839,12.6019,3.6472,26.615
32,1356,847,12.5455,3.5915,26.5242
32,1357,842,12.3563,3.50831,26.5059
32,1358,846,12.3983,3.49409,26.5154
32,1359,843,12.6441,3.55991,26.4911
32,1360,830,12.753,3.58554,26.494
32,1361,831,12.8833,3.61252,26.4621
32,1362,849,13,3.67962,26.4664
32,1363,861,12.842,3.58885,26.4646
32,1364,865,12.8832,3.64624,26.4046
32,1365,864,13.0868,3.70718,26.4282
32,1366,866,13.1282,3.72402,26.5035
32,1367,866,13.0289,3.74365,26.5404
32,1368,861,13.0604,3.77933,26.6225
32,1369,872,13.2546,3.84404,26.6216
32,1370,860,13.2651,3.84884,26.6558
32,1371,856,13.1939,3.79673,26.5981
32,1372,862,13.1972,3.81439,26.6311
32,1373,862,13.1601,3.80626,26.594
32,1374,862,13.0522,3.7587,26.5197
32,1375,852,13.162,3.81808,26.5399
32,1376,854,13.4719,3.92506,26.5597
32,1377,863,13.3557,3.87022,26.5794
32,1378,869,13.2071,3.83659,26.5339
32,1379,858,13.2844,3.85431,26.5431
32,1380,850,13.4129,3.90824,26.5694
32,1381,848,13.5495,3.94575,26.5613
32,1382,854,13.6991,4.01288,26.5504
32,1383,847,13.7639,4.07084,26.5809
32,1384,838,13.6885,4.09905,26.599
32,1385,834,13.5156,4.05036,26.5659
32,1386,837,13.4349,4.00956,26.5902
32,1387,825,13.1964,3.89455,26.5115
32,1388,830,13.3783,3.95663,26.5687
32,1389,839,13.2277,3.91061,26.5626
32,1390,827,13.2031,3.88271,26.5441
32,1391,840,13.1821,3.86548,26.5
32,1392,832,13.1502,3.83894,26.5
32,1393,834,13.0803,3.81295,26.4628
32,1394,835,13.079,3.84192,26.491
32,1395,848,13.1156,3.87264,26.5165
32,1396,846,13.2991,3.9279,26.513
32,1397,835,13.1114,3.85509,26.5054
32,1398,845,13.1018,3.86746,26.4757
32,1399,842,13.3729,3.95487,26.4703
32,1400,858,13.12,3.85897,26.5245
32,1401,853,13.0152,3.82884,26.5651
32,1402,848,13.1309,3.91627,26.5519
32,1403,849,13.0424,3.90224,26.49
32,1404,839,13.0667,3.90107,26.565
32,1405,842,13.1401,3.87055,26.5439
32,1406,840,13.1286,3.84524,26.5714
32,1407,831,13.1613,3.85921,26.6185
32,1408,825,13.1939,3.89091,26.6473
32,1409,842,13.1235,3.87411,26.6603
32,1410,840,13.0786,3.85357,26.6714
32,1411,861,13.1243,3.88269,26.6736
32,1412,854,13.1464,3.8829,26.5738
32,1413,863,13.3789,3.98378,26.584
32,1414,841,13.6326,4.03686,26.5375
32,1415,860,13.6477,4.03372,26.5
32,1416,873,13.6861,4.063,26.4696
32,1417,867,13.7324,4.09689,26.489
32,1418,875,13.5577,4.02057,26.5623
32,1419,864,13.4537,4.00347,26.5972
32,1420,866,13.4781,4.0254,26.6005
32,1421,866,13.679,4.1097,26.6905
32,1422,880,13.4807,4.05455,26.7477
32,1423,880,13.4307,4.06023,26.7545
32,1424,876,13.3916,4.0742,26.758
32,1425,869,13.2842,4.02532,26.7894
32,1426,860,13.3163,3.99884,26.7791
32,1427,850,13.2235,3.94,26.7694
32,1428,853,13.1676,3.91559,26.6729
32,1429,862,12.993,3.80858,26.6845
32,1430,865,13.1318,3.83931,26.689
32,1431,876,13.3265,3.93721,26.7146
32,1432,871,13.4765,3.98622,26.698
32,1433,875,13.5486,4.03314,26.7863
32,1434,867,13.4198,3.99193,26.6967
32,1435,866,13.4169,3.93187,26.6397
32,1436,865,13.4671,3.95954,26.5688
32,1437,875,13.3006,3.89714,26.592
32,1438,882,13.0272,3.81293,26.644
32,1439,871,12.93,3.73708,26.6475
32,1440,880,13.0602,3.80795,26.7159
32,1441,897,12.961,3.78261,26.8183
32,1442,901,12.909,3.75805,26.8457
32,1443,891,12.7722,3.72278,26.8148
32,1444,898,12.5891,3.66481,26.8575
32,1445,888,12.759,3.72748,26.9009
32,1446,882,12.9977,3.8288,26.9229
32,1447,869,12.8872,3.79747,26.9942
32,1448,867,12.9493,3.79469,26.925
32,1449,868,12.9816,3.82258,26.8364
32,1450,881,13.0045,3.83428,26.9081
32,1451,878,13.1014,3.86902,26.8884
32,1452,869,13.2923,3.94707,26.9183
32,1453,859,13.2957,3.93481,26.8289
32,1454,868,13.2431,3.92281,26.8802
32,1455,859,13.1432,3.88359,26.901
32,1456,852,13.2488,3.96127,26.939
32,1457,852,13.1467,3.91901,26.9531
32,1458,847,12.9799,3.87957,26.9847
32,1459,840,13.0321,3.89405,27.0667
32,1460,839,13.0572,3.9261,27.1013
32,1461,830,13.2482,4,27.1277
32,1462,842,13.1271,3.98812,27.1496
32,1463,855,13.1591,4.00936,27.1392
32,1464,860,13.3326,4.06279,27.2047
32,1465,863,13.2978,4.02549,27.2329
32,1466,859,13.2142,3.98021,27.1898
32,1467,857,13.196,4.00117,27.1972
32,1468,860,13.2407,4.04186,27.2512
32,1469,857,13.2474,4.03501,27.2485
32,1470,854,13.2471,4.03162,27.3255
32,1471,851,13.1257,3.9577,27.3537
32,1472,855,13.0515,3.93801,27.3193
32,1473,853,13.2216,4.00821,27.2872
32,1474,844,13.4147,4.09123,27.3152
32,1475,834,13.3537,4.06595,27.2782
32,1476,833,13.4106,4.11164,27.3037
32,1477,834,13.2986,4.1295,27.3909
32,1478,826,13.5472,4.18039,27.4044
32,1479,819,13.7082,4.24176,27.4115
32,1480,817,13.4614,4.18482,27.4761
32,1481,816,13.3076,4.11029,27.4681
32,1482,812,13.314,4.10961,27.3892
32,1483,813,13.3973,4.12546,27.3333
32,1484,820,13.2793,4.07683,27.3293
32,1485,821,13.2363,4.07308,27.3252
32,1486,832,13.4243,4.15865,27.2885
32,1487,827,13.5175,4.19952,27.2576
32,1488,835,13.6826,4.27305,27.2934
32,1489,845,13.4497,4.17515,27.3089
32,1490,853,13.2743,4.11489,27.2943
32,1491,849,13.0577,4.02827,27.3074
32,1492,860,12.8512,3.95349,27.3884
32,1493,861,12.9803,3.99768,27.41
32,1494,874,12.9416,3.96796,27.4027
32,1495,868,12.8353,3.91359,27.3802
32,1496,856,13.0222,3.96145,27.4276
32,1497,856,13.0269,3.9264,27.3925
32,1498,849,13.1802,3.96938,27.3993
32,1499,848,12.908,3.88561,27.408
32,1500,855,13.1567,3.9848,27.3801
32,1501,866,13.1478,3.97229,27.3048
32,1502,861,13.1278,3.91405,27.2288
32,1503,872,13.1009,3.95528,27.2018
32,1504,885,12.9062,3.93333,27.2045
32,1505,887,12.8703,3.97294,27.2131
32,1506,879,12.5961,3.85438,27.2469
32,1507,873,12.5006,3.74341,27.2692
32,1508,880,12.6068,3.77273,27.2227
32,1509,862,12.7019,3.7645,27.1462
32,1510,852,12.7465,3.7993,27.1667
32,1511,850,12.9929,3.91412,27.2071
32,1512,852,13.0528,3.92606,27.2207
32,1513,849,12.9717,3.89517,27.2532
32,1514,847,12.9787,3.89728,27.2491
32,1515,840,13.1619,3.94048,27.2333
32,1516,842,13.1876,3.97862,27.2162
32,1517,838,13.3341,4.06563,27.1432
32,1518,834,13.2122,4.03477,27.2038
32,1519,841,13.2521,4.01784,27.1962
32,1520,843,13.344,4.05219,27.1791
32,1521,847,12.987,3.91499,27.2043
32,1522,853,12.6999,3.8136,27.2122
32,1523,859,12.7637,3.84284,27.22
32,1524,859,12.6868,3.84517,27.1921
32,1525,853,12.7268,3.84291,27.1817
32,1526,855,12.7883,3.84561,27.1556
32,1527,849,12.8492,3.83157,27.1025
32,1528,848,12.8467,3.83019,27.1509
32,1529,849,12.6525,3.73145,27.1614
32,1530,859,12.7276,3.77998,27.2014
32,1531,871,12.6946,3.76579,27.1757
32,1532,856,12.8843,3.8236,27.1472
32,1533,849,12.9835,3.81154,27.1331
32,1534,839,13.2861,3.89869,27.0393
32,1535,852,13.3427,3.91901,27.0516
32,1536,833,13.497,3.9928,27.0612
32,1537,839,13.6281,4.06198,27.1085
32,1538,845,13.5953,4.06272,27.1219
32,1539,843,13.5445,4.09609,27.1791
32,1540,844,13.4431,4.06635,27.2085
32,1541,852,13.1221,3.99178,27.2066
32,1542,841,13.0595,3.99405,27.2342
32,1543,843,13.1791,4.06643,27.2408
32,1544,835,13.1964,4.07066,27.2647
32,1545,839,13.124,4.06198,27.2491
32,1546,834,12.9796,3.9952,27.1942
32,1547,823,13.0826,4.02552,27.2345
32,1548,833,13.054,4.02401,27.2941
32,1549,828,13.1014,4.05676,27.2391
32,1550,832,13.0264,4.03486,27.2308
32,1551,825,12.8424,3.9697,27.263
32,1552,827,12.9238,3.97582,27.2672
32,1553,830,13.0337,4.0241,27.2602
32,1554,831,13.2034,4.08544,27.3454
32,1555,844,13.1363,4.11019,27.3626
32,1556,841,13.1225,4.13317,27.3698
32,1557,847,13.3424,4.2562,27.3695
32,1558,847,13.3648,4.2314,27.3247
32,1559,858,13.4441,4.27389,27.31
32,1560,853,13.3998,4.23564,27.2732
32,1561,862,13.4269,4.22042,27.2691
32,1562,863,13.5307,4.20742,27.2352
32,1563,855,13.5942,4.26433,27.2842
32,1564,853,13.5932,4.29543,27.3388
32,1565,852,13.6268,4.27582,27.3333
32,1566,853,13.7339,4.36108,27.4631
32,1567,847,13.5797,4.2314,27.3506
32,1568,835,13.8263,4.31737,27.3749
32,1569,831,13.8159,4.26835,27.3069
32,1570,830,14.0012,4.36988,27.2916
32,1571,824,14.1238,4.4466,27.2864
32,1572,838,13.9749,4.39857,27.3842
32,1573,861,13.8002,4.3403,27.41
32,1574,837,13.6237,4.22222,27.3859
32,1575,852,13.696,4.27817,27.3873
32,1576,848,13.6616,4.30896,27.3892
32,1577,843,13.8992,4.40451,27.4235
32,1578,841,13.799,4.34721,27.4055
32,1579,854,13.5679,4.27166,27.363
32,1580,854,13.5129,4.26698,27.4075
32,1581,854,13.4824,4.22248,27.3794
32,1582,849,13.3687,4.16726,27.331
32,1583,846,13.5154,4.1773,27.357
32,1584,846,13.5686,4.19267,27.3239
32,1585,858,13.5979,4.23427,27.3683
32,1586,874,13.2838,4.08238,27.4302
32,1587,871,13.4191,4.12974,27.4971
32,1588,870,13.4782,4.17011,27.4345
32,1589,860,13.4628,4.19186,27.4256
32,1590,858,13.2809,4.09557,27.4126
32,1591,854,13.4848,4.17681,27.4262
32,1592,850,13.4529,4.15176,27.4706
32,1593,861,13.6307,4.26249,27.5656
32,1594,864,13.6377,4.28125,27.6042
32,1595,871,13.744,4.28358,27.4489
32,1596,868,13.6671,4.23387,27.4654
32,1597,867,13.5467,4.1511,27.4348
32,1598,858,13.4732,4.10023,27.3963
32,1599,856,13.5327,4.11449,27.3902
32,1600,862,13.1589,3.97912,27.3805
32,1601,872,13.0986,3.9805,27.4197
32,1602,857,13.0793,3.979,27.4049
32,1603,849,13.1955,4.00942,27.3946
32,1604,848,12.9399,3.88443,27.3373
32,1605,842,13.0594,3.92755,27.2827
32,1606,856,13.1051,3.9486,27.3364
32,1607,864,12.9861,3.96412,27.4468
32,1608,861,13.0488,3.94193,27.3728
32,1609,859,13.2678,4.0163,27.3481
32,1610,848,13.0967,3.93868,27.3396
32,1611,851,13.0658,3.93067,27.3278
32,1612,852,13.0962,3.98826,27.3662
32,1613,842,13.1093,3.96318,27.3373
32,1614,826,13.1731,3.99395,27.2639
32,1615,832,13.1767,3.98918,27.2308
32,1616,837,13.2031,4.04779,27.3023
32,1617,840,13.1726,4.07024,27.2405
32,1618,841,13.2021,4.06778,27.2556
32,1619,851,13.4078,4.11751,27.2832
32,1620,840,13.4226,4.09762,27.3167
32,1621,828,13.4034,4.06884,27.256
32,1622,836,13.2249,4.04306,27.3301
32,1623,831,13.1805,4.01444,27.3863
32,1624,838,13.3854,4.08711,27.4224
32,1625,847,13.5431,4.13813,27.4404
32,1626,841,13.6421,4.17598,27.4911
32,1627,828,13.6848,4.16063,27.5242
32,1628,836,13.5443,4.13756,27.5144
32,1629,830,13.4952,4.12169,27.4723
32,1630,827,13.185,3.99637,27.4075
32,1631,807,12.9219,3.90706,27.3978
32,1632,816,12.8811,3.92402,27.3922
32,1633,824,12.9053,3.94053,27.3544
32,1634,832,13.0613,3.99639,27.3221
32,1635,829,12.9288,3.96019,27.2931
32,1636,830,13.2627,4.08675,27.2843
32,1637,810,13.2864,4.08765,27.3556
32,1638,825,13.04,4.03152,27.3503
32,1639,828,13.0266,4.03865,27.372
32,1640,824,13.182,4.05825,27.3714
32,1641,810,13.3407,4.13827,27.4321
32,1642,820,13.0671,3.99878,27.4073
32,1643,823,13.0352,3.95383,27.3584
32,1644,816,13.1532,4.03186,27.3824
32,1645,836,13.0981,4.04785,27.3493
32,1646,828,13.1775,3.98913,27.2705
32,1647,815,13.0491,3.95337,27.2098
32,1648,816,12.9914,3.97794,27.2525
32,1649,828,13.0483,4.00483,27.2391
32,1650,843,13.1637,4.06287,27.2835
32,1651,837,13.2234,4.11111,27.3405
32,1652,847,12.9138,3.95632,27.3459
32,1653,847,12.9965,4.00236,27.3908
32,1654,851,13.1645,4.03643,27.3796
32,1655,846,13.1939,4.06619,27.3853
32,1656,841,13.17,4.06778,27.3888
32,1657,834,13.0971,4.03837,27.4604
32,1658,826,13.2155,4.08111,27.477
32,1659,813,13.2915,4.13038,27.4121
32,1660,810,13.4086,4.18889,27.3407
32,1661,811,13.4834,4.22688,27.3046
32,1662,817,13.6769,4.30233,27.3488
32,1663,812,13.6983,4.34236,27.2709
32,1664,808,13.354,4.24876,27.3094
32,1665,798,13.5414,4.28947,27.3108
32,1666,798,13.5752,4.34837,27.391
32,1667,798,13.5363,4.30702,27.4035
32,1668,801,13.6404,4.33958,27.4107
32,1669,799,13.8536,4.41302,27.3367
32,1670,805,13.928,4.45714,27.3963
32,1671,810,13.737,4.41975,27.4667
32,1672,810,13.6877,4.37654,27.4222
32,1673,804,14.0448,4.45647,27.398
32,1674,798,13.8221,4.401,27.3434
32,1675,798,13.8383,4.37218,27.2857
32,1676,800,14.0125,4.44875,27.2375
32,1677,788,14.151,4.49365,27.1751
32,1678,769,14.2757,4.50195,27.1912
32,1679,752,13.9734,4.37766,27.2926
32,1680,753,14.0066,4.37716,27.3094
32,1681,744,14.0336,4.39919,27.3602
32,1682,745,13.757,4.30336,27.3101
32,1683,756,13.8294,4.33598,27.291
32,1684,754,13.9204,4.38329,27.305
32,1685,769,13.8518,4.36801,27.2848
32,1686,765,14.0131,4.44575,27.2654
32,1687,771,13.6602,4.3061,27.284
32,1688,769,13.8192,4.3459,27.251
32,1689,771,13.9676,4.42412,27.2529
32,1690,776,13.6959,4.32088,27.2448
32,1691,766,13.6854,4.29243,27.1775
32,1692,766,13.8773,4.35901,27.1619
32,1693,755,14.1099,4.4596,27.1709
32,1694,760,14.0237,4.44474,27.1974
32,1695,769,14.251,4.53836,27.2302
32,1696,764,14.3338,4.52618,27.1728
32,1697,758,14.124,4.44459,27.1583
32,1698,753,14.0823,4.39973,27.1819
32,1699,763,14.0197,4.346,27.2189
32,1700,768,13.9922,4.34766,27.2318
32,1701,775,14.1652,4.42839,27.2413
32,1702,778,14.1234,4.42674,27.2391
32,1703,777,14.0373,4.37967,27.1866
32,1704,793,13.9823,4.35309,27.1753
32,1705,796,14.0616,4.38945,27.1457
32,1706,807,13.829,4.27881,27.1252
32,1707,802,13.7344,4.18828,27.0698
32,1708,810,13.7407,4.25062,27.0272
32,1709,807,13.6568,4.24411,26.9814
32,1710,807,13.6406,4.24783,26.9839
32,1711,815,13.5902,4.24049,27.016
32,1712,798,13.5739,4.19298,26.9799
32,1713,797,13.5759,4.15307,26.946
32,1714,787,13.5731,4.13088,26.9199
32,1715,796,13.456,4.12437,26.9648
32,1716,797,13.4429,4.10289,27.0113
32,1717,797,13.5471,4.15558,27.0289
32,1718,795,13.4855,4.12327,27.0868
32,1719,797,13.4078,4.15307,27.1393
32,1720,795,13.366,4.12579,27.0591
32,1721,795,13.4088,4.15849,27.0516
32,1722,794,13.3552,4.08312,26.9924
32,1723,804,13.2935,4.04104,26.9005
32,1724,804,13.194,4.01493,26.8781
32,1725,802,13.0748,3.96758,26.9102
32,1726,810,13.1864,3.99877,26.9012
32,1727,815,13.292,4.00982,26.8491
32,1728,821,13.3264,4.0475,26.8307
32,1729,815,13.2429,4.03681,26.8933
32,1730,822,13.1813,4.01338,26.9148
32,1731,810,13.0247,3.88765,26.837
32,1732,805,13.0199,3.88075,26.795
32,1733,813,13.123,3.89422,26.7872
32,1734,818,13.2531,3.93399,26.7506
32,1735,812,13.2512,3.89039,26.6921
32,1736,814,13.2396,3.88452,26.7224
32,1737,813,13.4736,3.94096,26.7109
32,1738,818,13.5513,3.94621,26.7335
32,1739,819,13.6349,3.97802,26.7204
32,1740,828,13.622,3.97585,26.7198
32,1741,825,13.6861,4.05212,26.7176
32,1742,821,13.57,4.02923,26.7259
32,1743,818,13.5171,4.02323,26.7042
32,1744,814,13.3329,3.92015,26.6683
32,1745,817,13.3097,3.90453,26.5802
32,1746,816,13.4485,3.96814,26.6127
32,1747,820,13.5963,4.03049,26.6195
32,1748,826,13.5944,4.04479,26.6126
32,1749,834,13.5791,4.03597,26.6091
32,1750,831,13.5307,3.98436,26.6306
32,1751,835,13.3138,3.91497,26.6323
32,1752,826,13.2191,3.83777,26.5763
32,1753,824,13.1808,3.8216,26.6189
32,1754,833,13.2833,3.85594,26.6603
32,1755,838,13.111,3.77685,26.6993
32,1756,833,13.3349,3.83073,26.6603
32,1757,836,13.2703,3.88995,26.6651
32,1758,834,13.3417,3.91607,26.6882
32,1759,838,13.358,3.89976,26.6539
32,1760,836,13.1567,3.80383,26.6316
32,1761,833,13.2161,3.84274,26.5834
32,1762,832,13.101,3.79688,26.5841
32,1763,835,13.2144,3.85389,26.618
32,1764,843,13.4128,3.94306,26.5836
32,1765,843,13.2859,3.89917,26.5219
32,1766,837,13.411,3.95221,26.5329
32,1767,849,13.2968,3.92108,26.5913
32,1768,834,13.5707,4.01679,26.5851
32,1769,842,13.6259,4.06651,26.62
32,1770,846,13.5662,4.03783,26.5579
32,1771,840,13.469,4.01429,26.5548
32,1772,834,13.3729,3.91847,26.5612
32,1773,838,13.5072,3.94511,26.5871
32,1774,845,13.4071,3.92071,26.5609
32,1775,842,13.38,3.90855,26.5938
32,1776,843,13.2147,3.86121,26.6358
32,1777,854,13.2939,3.89696,26.5785
32,1778,844,13.2168,3.87915,26.6564
32,1779,850,13.2741,3.89647,26.64
32,1780,842,13.4359,3.95724,26.5772
32,1781,843,13.7082,4.04626,26.605
32,1782,848,13.8833,4.13325,26.6321
32,1783,847,13.673,4.05077,26.6092
32,1784,837,13.5364,3.93907,26.5352
32,1785,848,13.5059,3.98113,26.5849
32,1786,859,13.4633,3.98021,26.6705
32,1787,851,13.349,3.95065,26.7027
32,1788,872,13.3509,3.97018,26.7248
32,1789,860,13.6744,4.06512,26.693
32,1790,867,13.7958,4.13149,26.6759
32,1791,866,13.5508,4.08199,26.7021
32,1792,871,13.6636,4.12514,26.6843
32,1793,866,13.8672,4.21478,26.7367
32,1794,870,13.7931,4.17701,26.708
32,1795,862,13.7297,4.10441,26.6961
32,1796,854,13.8314,4.1171,26.7354
32,1797,852,13.9554,4.16432,26.6948
32,1798,862,13.7494,4.09745,26.761
32,1799,869,13.6766,4.0725,26.6858
32,1800,871,13.6051,4.01493,26.6843
32,1801,867,13.376,3.95156,26.7036
32,1802,861,13.41,3.98722,26.7271
32,1803,850,13.2624,3.91176,26.7341
32,1804,849,13.1072,3.89399,26.7491
32,1805,842,13.1223,3.87055,26.7577
32,1806,841,13.0535,3.85256,26.7348
32,1807,854,12.9403,3.78689,26.6979
32,1808,858,12.7028,3.71329,26.7762
32,1809,860,12.7942,3.74535,26.7721
32,1810,855,12.6819,3.67135,26.7064
32,1811,852,12.689,3.65728,26.7559
32,1812,852,12.9096,3.73709,26.7629
32,1813,854,12.8782,3.70609,26.7728
32,1814,837,13.1362,3.81362,26.7599
32,1815,831,13.1793,3.81588,26.7629
32,1816,836,13.3744,3.87919,26.7512
32,1817,835,13.3892,3.89222,26.7449
32,1818,840,13.55,3.93929,26.781
32,1819,848,13.8667,4.08255,26.7571
32,1820,844,13.6576,4.00948,26.7488
32,1821,848,13.5118,3.98939,26.7406
32,1822,855,13.5006,3.99064,26.7018
32,1823,846,13.3995,3.95154,26.6265
32,1824,854,13.2529,3.90398,26.6112
32,1825,854,13.4333,3.96838,26.6534
32,1826,840,13.2536,3.87976,26.6452
32,1827,836,13.3541,3.92225,26.6555
32,1828,831,13.4489,3.8929,26.6522
32,1829,829,13.3583,3.85283,26.6828
32,1830,817,13.4382,3.86903,26.6707
32,1831,829,13.4885,3.90591,26.6562
32,1832,831,13.4477,3.91215,26.6185
32,1833,832,13.3786,3.88101,26.5889
32,1834,826,13.4213,3.89709,26.5811
32,1835,839,13.1442,3.79261,26.5864
32,1836,823,12.9733,3.72904,26.5395
32,1837,825,13.0364,3.77576,26.5309
32,1838,819,12.9451,3.72772,26.5714
32,1839,826,12.8814,3.69007,26.5617
32,1840,835,12.9234,3.70778,26.5533
32,1841,842,13.0036,3.7209,26.5297
32,1842,871,12.9414,3.70264,26.5373
32,1843,858,13.1702,3.7366,26.5431
32,1844,862,13.2042,3.74014,26.5128
32,1845,859,13.2549,3.78114,26.5471
32,1846,855,13.1766,3.75439,26.5404
32,1847,855,13.0819,3.75205,26.5708
32,1848,855,13.2187,3.84678,26.5871
32,1849,853,13.2497,3.85698,26.5862
32,1850,857,13.2882,3.92415,26.5811
32,1851,874,13.3936,3.99085,26.5675
32,1852,857,12.9988,3.8273,26.5204
32,1853,853,13.0914,3.83587,26.5064
32,1854,842,13.1033,3.89192,26.5439
32,1855,838,13.1265,3.90215,26.5179
32,1856,822,13.1545,3.90024,26.5255
32,1857,823,13.164,3.88335,26.5395
32,1858,836,13.183,3.86842,26.5502
32,1859,835,13.1665,3.83593,26.5772
32,1860,834,13.3141,3.8729,26.5875
32,1861,845,13.2746,3.84615,26.5775
32,1862,848,13.2818,3.81368,26.5613
32,1863,858,12.9674,3.73776,26.5804
32,1864,846,13.117,3.76478,26.487
32,1865,849,13.1355,3.73969,26.4735
32,1866,848,13.2524,3.79835,26.4717
32,1867,859,13.1537,3.78114,26.4889
32,1868,850,12.9612,3.73647,26.4729
32,1869,847,12.9528,3.78985,26.5195
32,1870,844,13.0379,3.85308,26.5474
32,1871,854,13.0831,3.89461,26.5527
32,1872,853,13.1032,3.88042,26.5088
32,1873,865,13.0671,3.87283,26.5087
32,1874,849,13.2403,3.90931,26.5347
32,1875,851,13.3361,3.91069,26.5241
32,1876,855,13.407,3.92164,26.5053
32,1877,845,13.3846,3.90414,26.5018
32,1878,846,13.4752,3.91371,26.4728
32,1879,844,13.3957,3.8827,26.4479
32,1880,854,13.4578,3.88407,26.4262
32,1881,858,13.6375,3.9627,26.4289
32,1882,863,13.7729,4.03013,26.5075
32,1883,864,13.809,4.07292,26.5509
32,1884,864,13.772,4.0706,26.5509
32,1885,870,13.6966,4.07126,26.5885
32,1886,853,13.687,4.07855,26.6096
32,1887,856,13.528,4.03855,26.6121
32,1888,866,13.5993,4.07737,26.6582
32,1889,887,13.5411,4.07215,26.6719
32,1890,874,13.508,4.05721,26.6659
32,1891,883,13.6546,4.15402,26.7203
32,1892,887,13.6268,4.14543,26.6877
32,1893,896,13.4174,4.10045,26.7812
32,1894,897,13.3367,4.07246,26.7759
32,1895,882,13.424,4.09864,26.7982
32,1896,865,13.3803,4.10058,26.7977
32,1897,852,13.3568,4.08451,26.8427
32,1898,835,13.2431,4.0479,26.7952
32,1899,825,13.3927,4.06909,26.8364
32,1900,814,13.4079,4.01966,26.855
32,1901,824,13.5364,4.04369,26.8447
32,1902,820,13.4646,4.06707,26.8902
32,1903,831,13.1227,3.99639,26.9194
32,1904,840,13.2167,4.02024,26.9119
32,1905,844,13.1825,4.00592,26.9502
32,1906,859,13.2631,4.05006,26.936
32,1907,840,13.3714,4.08095,26.9357
32,1908,846,13.4539,4.04728,26.8889
32,1909,847,13.2704,3.98583,26.8855
32,1910,843,13.1708,3.92171,26.8636
32,1911,842,13.1485,3.85986,26.8052
32,1912,852,13.1843,3.87441,26.8075
32,1913,865,13.1977,3.91214,26.7468
32,1914,874,13.2071,3.94966,26.6934
32,1915,883,13.4632,4.05323,26.7044
32,1916,890,13.3573,4.0236,26.7169
32,1917,882,13.4785,4.06349,26.7324
32,1918,892,13.1895,3.91256,26.7197
32,1919,899,13.2125,3.90768,26.6874
32,1920,908,13.3337,3.95264,26.7004
32,1921,912,13.3443,3.9682,26.7083
32,1922,910,13.4099,3.95165,26.7231
32,1923,906,13.4757,4.02097,26.7815
32,1924,907,13.4476,4.00441,26.7409
32,1925,904,13.4347,3.9635,26.7212
32,1926,906,13.383,4.01435,26.7329
32,1927,888,13.259,3.98874,26.768
32,1928,879,13.0512,3.90444,26.7759
32,1929,883,12.9388,3.84711,26.7995
32,1930,890,12.9169,3.85618,26.8854
32,1931,898,13.0056,3.86526,26.8664
32,1932,889,13.2002,3.92463,26.8279
32,1933,874,13.3661,3.91876,26.7918
32,1934,871,13.5166,3.94489,26.7302
32,1935,882,13.6349,4.01927,26.7143
32,1936,869,13.6122,3.99194,26.7158
32,1937,886,13.7223,4.06095,26.7381
32,1938,875,13.6423,4.05257,26.7886
32,1939,873,13.8328,4.14433,26.8179
32,1940,863,13.7775,4.12051,26.8111
32,1941,867,13.4579,3.95386,26.7566
32,1942,889,13.333,3.91451,26.7807
32,1943,890,13.3404,3.88202,26.7843
32,1944,890,13.327,3.9191,26.8067
32,1945,908,13.185,3.89648,26.8018
32,1946,897,13.3144,3.98105,26.8094
32,1947,904,13.2876,3.95022,26.7942
32,1948,906,13.1038,3.89735,26.8433
32,1949,902,12.7095,3.72949,26.8869
32,1950,889,12.8796,3.7964,26.8841
32,1951,884,12.7534,3.74208,26.8552
32,1952,872,12.8681,3.78555,26.906
32,1953,884,12.8903,3.77941,26.9005
32,1954,866,13.142,3.8164,26.8845
32,1955,885,12.7616,3.68475,26.8994
32,1956,887,12.8083,3.70349,26.8952
32,1957,899,12.5795,3.64405,26.8699
32,1958,885,12.5831,3.66667,26.8972
32,1959,884,12.6923,3.66516,26.8756
32,1960,897,12.6756,3.68004,26.825
32,1961,893,12.5599,3.60806,26.8488
32,1962,896,12.6239,3.65402,26.8482
32,1963,890,12.7067,3.71011,26.8449
32,1964,893,12.5924,3.70325,26.8757
32,1965,888,12.8288,3.78604,26.8739
32,1966,895,12.8894,3.81229,26.8872
32,1967,884,12.8269,3.78959,26.8914
32,1968,890,12.6921,3.74382,26.9506
32,1969,886,12.5688,3.72686,26.9729
32,1970,897,12.68,3.79041,26.9431
32,1971,910,12.6934,3.81648,26.9648
32,1972,915,12.6896,3.7847,27.012
32,1973,923,12.7627,3.81257,27.0141
32,1974,929,12.7998,3.84715,27.0936
32,1975,929,12.9354,3.89882,27.0721
32,1976,933,13.3194,4.05145,27.0204
32,1977,913,13.1435,3.96605,27.0208
32,1978,908,13.3117,4.01542,27.0617
32,1979,903,13.2857,4.01218,27.01
32,1980,897,13.1862,3.95206,27.0435
32,1981,903,13.2292,3.94684,27.0033
32,1982,897,13.5518,4.06132,26.9967
32,1983,876,13.6027,4.07877,27.0068
32,1984,872,13.6307,4.10092,27.0711
32,1985,874,13.7117,4.13387,27.1098
32,1986,873,13.7136,4.11455,27.1294
32,1987,864,13.6169,4.09028,27.1273
32,1988,859,13.5332,4.05937,27.085
32,1989,840,13.6155,4.11071,27.0667
32,1990,826,13.8511,4.17918,26.9976
32,1991,825,13.7758,4.20485,27.0352
32,1992,826,13.7833,4.21792,27.0291
32,1993,839,13.6079,4.15614,27.0465
32,1994,842,13.6295,4.18409,27.0024
32,1995,843,13.5777,4.19692,26.9585
32,1996,835,13.588,4.17246,26.9701
32,1997,834,13.7062,4.20264,26.976
32,1998,835,13.6263,4.15808,27.0251
32,1999,840,13.3381,4.06071,27.0476
32,2000,848,13.3267,4.04245,27.0755
32,2001,858,13.1713,3.98135,27.0769
32,2002,857,13.3244,4.06184,27.0805
32,2003,861,13.3995,4.0453,27.0499
32,2004,846,13.4965,4.0792,27.0544
32,2005,838,13.4749,4.09069,27.0453
32,2006,837,13.2091,3.94265,27.0896
32,2007,853,13.1841,3.94959,27.0363
32,2008,856,13.1671,3.93575,27.0561
32,2009,852,12.9636,3.83451,27.0094
32,2010,855,12.8257,3.77427,27.0105
32,2011,858,12.6876,3.68881,27.0559
32,2012,865,12.7202,3.71908,27.0358
32,2013,868,13.015,3.81336,26.9954
32,2014,880,12.6182,3.72159,27.0136
32,2015,894,12.8087,3.78747,26.9933
32,2016,891,12.743,3.78227,27.0011
32,2017,894,12.7438,3.76846,26.9441
32,2018,887,12.7024,3.77001,26.9154
32,2019,897,12.7157,3.78372,26.9052
32,2020,895,12.7117,3.78994,26.9028
32,2021,900,12.6011,3.77222,26.8644
32,2022,893,12.5857,3.73908,26.8399
32,2023,885,12.5627,3.70847,26.8316
32,2024,886,12.5553,3.7009,26.8578
32,2025,870,12.7161,3.72299,26.8414
32,2026,872,12.5837,3.61124,26.8555
32,2027,868,12.7592,3.6682,26.8594
32,2028,881,12.6935,3.62316,26.8581
32,2029,891,12.7508,3.64983,26.8956
32,2030,890,12.6011,3.59101,26.8652
32,2031,883,12.6025,3.56738,26.8879
32,2032,885,12.7593,3.62712,26.9401
32,2033,876,12.879,3.70548,27.0046
32,2034,879,12.8749,3.7463,26.9989
32,2035,876,12.7169,3.7363,27.016
32,2036,881,12.7128,3.76504,26.9898
32,2037,885,12.661,3.74124,27.0554
32,2038,892,12.8789,3.8139,26.991
32,2039,890,12.9921,3.87191,26.9753
32,2040,865,13.2,3.9052,26.978
32,2041,867,13.3206,4,27.0311
32,2042,874,13.2357,3.97368,27.0297
32,2043,867,13.1626,3.94002,26.9781
32,2044,858,12.9382,3.82984,26.9767
32,2045,850,12.8624,3.79412,26.9929
32,2046,856,12.8621,3.79089,26.9907
32,2047,857,12.741,3.68845,26.9475
32,2048,852,12.9683,3.77347,26.9812
32,2049,858,12.9907,3.7972,26.979
32,2050,861,13.0813,3.81882,27.029
32,2051,837,12.9904,3.75747,27.0514
32,2052,835,12.9737,3.81317,27.1162
32,2053,840,12.9333,3.82024,27.1857
32,2054,826,12.9782,3.83777,27.1598
32,2055,821,13.0755,3.87333,27.1255
32,2056,816,13.2267,3.92892,27.1054
32,2057,826,13.1332,3.91525,27.1186
32,2058,827,13.2757,3.94438,27.1318
32,2059,830,13.2747,3.9253,27.1855
32,2060,821,13.4482,4.01827,27.1961
32,2061,834,13.277,3.93885,27.2134
32,2062,833,13.2269,3.92797,27.2221
32,2063,831,13.4633,4.00602,27.1745
32,2064,841,13.2985,3.95838,27.1653
32,2065,839,13.205,3.93206,27.1681
32,2066,833,13.072,3.90156,27.1645
32,2067,826,13.0278,3.81356,27.1574
32,2068,820,13.1146,3.8378,27.1488
32,2069,822,13.2847,3.91971,27.1533
32,2070,818,13.1333,3.91809,27.1174
32,2071,810,13.358,3.98519,27.1111
32,2072,805,13.3602,3.95528,27.1652
32,2073,789,13.7072,4.0507,27.2041
32,2074,784,13.7564,4.09439,27.1658
32,2075,784,13.6607,4.02679,27.125
32,2076,777,13.2085,3.85199,27.1326
32,2077,781,13.2855,3.88988,27.1088
32,2078,778,13.5681,4.02956,27.1465
32,2079,804,13.3856,4.02985,27.1741
32,2080,814,13.2555,4.03071,27.1376
32,2081,828,13.279,4.05556,27.1232
32,2082,829,13.2666,4.05066,27.1218
32,2083,816,13.3873,4.08701,27.1471
32,2084,816,13.3971,4.11765,27.1446
32,2085,820,13.428,4.11829,27.139
32,2086,820,13.4195,4.0939,27.1366
32,2087,826,13.4128,4.07869,27.0751
32,2088,829,13.4548,4.076,27.0881
32,2089,842,13.4679,4.0962,27.1164
32,2090,843,13.3369,4.00949,27.1554
32,2091,859,13.2165,3.94761,27.1944
32,2092,854,13.1148,3.92272,27.2061
32,2093,869,13.0978,3.96318,27.1945
32,2094,865,13.1757,4.02081,27.2393
32,2095,863,13.3523,4.08691,27.2306
32,2096,879,13.4312,4.12173,27.1945
32,2097,884,13.3224,4.07466,27.1878
32,2098,882,13.3787,4.05556,27.1701
32,2099,885,13.5153,4.1322,27.1977
32,2100,891,13.3681,4.09764,27.1874
32,2101,896,13.3482,4.12723,27.192
32,2102,892,13.4372,4.13565,27.1614
32,2103,896,13.5502,4.14844,27.1027
32,2104,898,13.5457,4.12806,27.0824
32,2105,889,13.5726,4.11474,27.0664
32,2106,898,13.3853,4.06682,27.0668
32,2107,904,13.1825,3.98673,27.0664
32,2108,911,13.0461,3.9506,27.0604
32,2109,917,13.0763,3.99455,27.06
32,2110,922,12.9403,3.93818,27.0521
32,2111,925,13.0951,4,27.0551
32,2112,928,13.1218,3.97414,27.0431
32,2113,913,13.299,4.01752,26.9923
32,2114,903,13.3699,3.98893,26.9767
32,2115,901,13.0988,3.89567,26.9656
32,2116,891,13.1953,3.93939,26.9226
32,2117,887,13.2131,3.91995,26.9448
32,2118,888,13.2714,3.91779,26.9347
32,2119,885,13.0757,3.84068,26.9266
32,2120,899,12.8498,3.74082,26.9166
32,2121,886,12.965,3.74605,26.8668
32,2122,902,12.8758,3.76053,26.8381
32,2123,912,12.9375,3.78838,26.8816
32,2124,913,13.1654,3.86199,26.8894
32,2125,925,13.1859,3.89838,26.9319
32,2126,928,12.9375,3.80388,26.9073
32,2127,912,12.9967,3.83004,26.8904
32,2128,905,13.0122,3.84751,26.853
32,2129,894,12.9206,3.80089,26.9105
32,2130,894,12.9306,3.8132,26.906
32,2131,892,13.0034,3.84978,26.9215
32,2132,886,13.0564,3.83409,26.9097
32,2133,887,12.8647,3.74746,26.9402
32,2134,868,13.1406,3.8076,26.9562
32,2135,878,13.1879,3.82916,26.8565
32,2136,866,13.2564,3.87182,26.843
32,2137,862,13.1833,3.83411,26.7889
32,2138,864,13.1609,3.8287,26.8356
32,2139,859,12.7404,3.69267,26.8591
32,2140,866,12.7656,3.70208,26.8637
32,2141,868,12.6256,3.65438,26.8502
32,2142,867,12.639,3.65283,26.8651
32,2143,873,12.7216,3.68385,26.8499
32,2144,862,12.8306,3.77146,26.8747
32,2145,860,12.8779,3.77558,26.9047
32,2146,853,12.8324,3.75381,26.8839
32,2147,860,13.0081,3.83721,26.8767
32,2148,855,12.9591,3.81871,26.8936
32,2149,848,13.1733,3.91981,26.9151
32,2150,828,13.3696,3.94565,26.8865
32,2151,824,13.4417,3.98908,26.9248
32,2152,820,13.6598,4.05366,26.861
32,2153,821,13.5761,4.03654,26.8599
32,2154,827,13.5925,4.03386,26.8609
32,2155,839,13.6365,4.06675,26.9154
32,2156,847,13.6989,4.07556,26.9185
32,2157,861,13.626,4.06736,26.899
32,2158,857,13.4341,4.014,26.8915
32,2159,869,13.2819,3.96663,26.9712
32,2160,874,13.1098,3.90732,26.9954
32,2161,874,13.1373,3.89931,27
32,2162,875,12.9954,3.86743,27.0171
32,2163,869,13.1554,3.93326,27.0104
32,2164,868,13.3825,4.03571,27.0461
32,2165,867,13.3991,4.04498,27.0173
32,2166,871,13.2652,4.03444,27.054
32,2167,880,13.1932,4.02614,27.1455
32,2168,885,13.096,3.95932,27.1096
32,2169,882,13.1054,3.96485,27.2063
32,2170,869,13.0783,3.96778,27.2037
32,2171,861,13.2021,4.00116,27.1754
32,2172,859,13.0058,3.89756,27.1595
32,2173,852,13.0129,3.88263,27.1761
32,2174,849,12.8952,3.8457,27.0742
32,2175,856,12.9065,3.86215,27.1379
32,2176,858,12.7261,3.72727,27.1958
32,2177,873,12.9324,3.83047,27.2532
32,2178,875,12.9737,3.88343,27.2777
32,2179,866,13.1062,3.96767,27.2933
32,2180,872,13.219,4.05505,27.2821
32,2181,860,13.2721,4.07093,27.3023
32,2182,851,13.389,4.09518,27.2597
32,2183,855,13.1988,3.99883,27.2491
32,2184,873,13.2016,4.01833,27.2784
32,2185,871,13.1504,3.98393,27.2721
32,2186,876,12.9932,3.92123,27.2671
32,2187,870,13.0575,3.95057,27.2207
32,2188,863,13.0788,3.99652,27.2422
32,2189,859,12.7241,3.80442,27.1711
32,2190,845,12.7503,3.77515,27.1479
32,2191,849,12.9117,3.86808,27.1637
32,2192,845,12.8225,3.85917,27.2142
32,2193,828,12.8768,3.85507,27.2633
32,2194,833,13.036,3.91597,27.1669
32,2195,823,13.1592,3.97448,27.1786
32,2196,809,13.3659,4.00124,27.1471
32,2197,795,13.4151,3.96981,27.1472
32,2198,794,13.5428,4.02015,27.1662
32,2199,796,13.4422,3.9799,27.1633
32,2200,801,13.4057,3.9638,27.1985
32,2201,794,13.6788,4.07683,27.2217
32,2202,803,13.5803,4.0523,27.2154
32,2203,821,13.2728,3.95493,27.2156
32,2204,829,13.0893,3.90953,27.2352
32,2205,819,13.21,3.94628,27.1893
32,2206,829,13.1013,3.95175,27.228
32,2207,833,13.0336,3.89796,27.1525
32,2208,851,12.9318,3.91069,27.1986
32,2209,841,13.0511,3.96908,27.2319
32,2210,843,12.8055,3.84698,27.1862
32,2211,840,12.9321,3.87619,27.2548
32,2212,831,12.8797,3.85199,27.2996
32,2213,830,13.2482,3.97229,27.2313
32,2214,839,13.2765,4.02026,27.242
32,2215,843,13.1874,3.98339,27.2693
32,2216,839,13.1466,3.91657,27.2515
32,2217,835,13.1653,3.86587,27.2551
32,2218,840,12.8881,3.74167,27.2286
32,2219,838,12.8401,3.76611,27.2601
32,2220,835,12.6611,3.69701,27.224
32,2221,835,12.7796,3.73413,27.1713
32,2222,854,12.8103,3.7623,27.185
32,2223,865,12.7364,3.77225,27.2023
32,2224,879,12.7122,3.77247,27.2309
32,2225,885,12.7435,3.79661,27.2271
32,2226,865,12.8509,3.80347,27.237
32,2227,866,13.0242,3.86259,27.2263
32,2228,856,13.3294,3.96028,27.1799
32,2229,848,13.3644,3.98821,27.1226
32,2230,846,13.4397,4.00236,27.104
32,2231,844,13.2998,3.89929,27.0142
32,2232,851,13.3643,3.92714,27.0764
32,2233,858,13.5268,3.9324,26.9953
32,2234,867,13.3852,3.88351,27.0496
32,2235,876,13.1678,3.85274,27.0662
32,2236,875,13.1577,3.81371,27.0103
32,2237,886,13.0847,3.77991,26.9842
32,2238,883,13.0691,3.75651,27.0034
32,2239,888,13.0608,3.78604,26.9932
32,2240,875,13.2137,3.86629,27.0354
32,2241,865,13.1376,3.83121,27.0659
32,2242,863,13.3094,3.8876,27.0614
32,2243,856,13.1764,3.85748,27.0537
32,2244,853,13.3529,3.88628,27.041
32,2245,871,13.3341,3.87141,27.0448
32,2246,870,13.4345,3.93678,27.0046
32,2247,876,13.7009,4.02283,26.9817
32,2248,874,13.7288,4.07208,27
32,2249,885,13.835,4.11638,27.0554
32,2250,873,13.8889,4.13288,27.0905
32,2251,881,13.8706,4.10556,27.0488
32,2252,892,13.8027,4.07848,26.9978
32,2253,884,13.9774,4.13348,27.0407
32,2254,882,13.7834,4.10544,27.0703
32,2255,885,13.5401,4.01695,27.1073
32,2256,898,13.4131,4.02227,27.1559
32,2257,906,13.4327,4.01435,27.1523
32,2258,896,13.4688,4.04576,27.2299
32,2259,901,13.5594,4.09101,27.2297
32,2260,900,13.7578,4.13,27.2378
32,2261,897,13.4738,4.05351,27.3021
32,2262,897,13.4281,3.98997,27.2553
32,2263,894,13.3859,4.02237,27.2886
32,2264,890,13.2337,3.93596,27.2449
32,2265,889,13.0619,3.88189,27.2486
32,2266,871,12.9931,3.83697,27.2629
32,2267,863,13.1217,3.84241,27.2955
32,2268,855,13.1076,3.78713,27.3146
32,2269,869,13.29,3.85731,27.2704
32,2270,883,13.2356,3.86863,27.3137
32,2271,877,13.0593,3.82896,27.3432
32,2272,866,13.1975,3.87991,27.3303
32,2273,872,13.2431,3.8555,27.2752
32,2274,871,13.2755,3.86912,27.279
32,2275,869,13.3049,3.88032,27.3003
32,2276,878,13.1458,3.80182,27.2506
32,2277,888,13.2489,3.82883,27.2658
32,2278,888,13.1498,3.78041,27.1847
32,2279,885,12.9763,3.7209,27.1729
32,2280,892,12.7915,3.65135,27.2063
32,2281,893,13.1243,3.75028,27.14
32,2282,883,12.9932,3.69536,27.0623
32,2283,891,13.0527,3.74523,27.1223
32,2284,878,12.9784,3.72323,27.2415
32,2285,860,13.2209,3.78837,27.2023
32,2286,857,13.1762,3.78646,27.2415
32,2287,854,13.0258,3.7541,27.2365
32,2288,846,13.2139,3.81797,27.2246
32,2289,843,13.4211,3.88375,27.1815
32,2290,837,13.2652,3.79689,27.1613
32,2291,834,13.4089,3.84772,27.1607
32,2292,830,13.4831,3.86627,27.1735
32,2293,837,13.5484,3.92115,27.1589
32,2294,840,13.631,3.94286,27.069
32,2295,843,13.707,3.97509,27.0819
32,2296,842,13.4442,3.86817,27.0214
32,2297,836,13.5634,3.92703,27
32,2298,829,13.5585,3.9035,26.9433
32,2299,855,13.414,3.87719,26.9567
32,2300,854,13.3525,3.87002,26.9953
32,2301,860,13.3233,3.86977,27.0186
32,2302,851,13.2327,3.84841,27.0388
32,2303,858,13.3065,3.89044,27.021
32,2304,854,13.1557,3.79977,27.007
32,2305,840,13.0417,3.7369,27.0667
32,2306,850,12.7824,3.66824,27.0871
32,2307,855,12.9216,3.70877,27.076
32,2308,849,12.8304,3.67727,27.0483
32,2309,848,12.7736,3.63679,27.0047
32,2310,854,12.8091,3.6534,27.0234
32,2311,862,12.6415,3.59629,27.0302
32,2312,870,12.408,3.50115,27.0368
32,2313,874,12.3867,3.50114,27.0435
32,2314,879,12.7554,3.64164,27.0216
32,2315,887,12.7632,3.64036,27.053
32,2316,886,12.6377,3.58352,27.0474
32,2317,880,12.725,3.60341,27.0864
32,2318,882,13.0635,3.6746,27.0295
32,2319,868,13.0841,3.70968,27.0346
32,2320,887,13.1488,3.7407,27.0598
32,2321,883,13.2627,3.78029,27.0419
32,2322,889,13.27,3.8054,27.0371
32,2323,885,13.3412,3.81017,27.0576
32,2324,900,13.2678,3.82667,27.1267
32,2325,901,13.2586,3.86459,27.141
32,2326,905,13.0398,3.77459,27.158
32,2327,907,12.8953,3.71885,27.1488
32,2328,920,12.9848,3.77935,27.1283
32,2329,919,12.9053,3.72688,27.0816
32,2330,922,12.7852,3.6898,27.0716
32,2331,916,12.8504,3.70633,27.0721
32,2332,916,12.8766,3.7107,27.0895
32,2333,912,12.909,3.72807,27.1075
32,2334,924,12.8853,3.72294,27.0909
32,2335,932,12.7414,3.6706,27.1159
32,2336,931,12.638,3.6101,27.0763
32,2337,926,12.8683,3.7041,27.1296
32,2338,912,12.8575,3.71272,27.1886
32,2339,908,12.8811,3.73018,27.2291
32,2340,904,13.0265,3.72013,27.1792
32,2341,905,13.0166,3.7105,27.1713
32,2342,899,13.178,3.7842,27.1657
32,2343,895,13.0056,3.72626,27.1508
32,2344,884,13.0995,3.75113,27.1222
32,2345,888,12.9662,3.69595,27.0676
32,2346,880,13.0284,3.70909,27.1205
32,2347,872,13.1583,3.77982,27.1606
32,2348,878,13.1207,3.76879,27.1595
32,2349,883,12.906,3.7248,27.2118
32,2350,885,12.8373,3.67119,27.1616
32,2351,906,12.8201,3.70309,27.1832
32,2352,889,12.6862,3.63105,27.1609
32,2353,877,12.8643,3.66591,27.1973
32,2354,872,13.0057,3.66055,27.1789
32,2355,866,13.0439,3.69977,27.1617
32,2356,856,13.1192,3.73248,27.1308
32,2357,865,13.2474,3.78613,27.1306
32,2358,861,13.3612,3.81649,27.1057
32,2359,853,13.3646,3.80891,27.0621
32,2360,854,13.2787,3.7822,27.0679
32,2361,860,13.264,3.82209,27.0558
32,2362,854,13.3162,3.83724,27.0984
32,2363,834,13.3681,3.86691,27.0743
32,2364,847,13.4557,3.89847,27.0791
32,2365,857,13.3349,3.82147,27.0945
32,2366,849,13.364,3.83981,27.119
32,2367,850,13.2741,3.86,27.1176
32,2368,836,13.1208,3.81579,27.1172
32,2369,840,13.1048,3.84048,27.1857
32,2370,856,13.1963,3.88084,27.1659
32,2371,854,13.1393,3.87354,27.1663
32,2372,849,13.2014,3.88928,27.1449
32,2373,865,13.4509,3.95838,27.1699
32,2374,867,13.4002,3.95732,27.2157
32,2375,875,13.5131,4.00343,27.1886
32,2376,868,13.5853,4.01498,27.1866
32,2377,846,13.7057,4.03428,27.1726
32,2378,861,13.5517,3.97561,27.1243
32,2379,863,13.5643,3.99189,27.1495
32,2380,859,13.6589,4.0454,27.1828
32,2381,864,13.7812,4.10532,27.1759
32,2382,871,13.4179,3.99656,27.1894
32,2383,871,13.5086,4.05396,27.1848
32,2384,862,13.5209,4.04292,27.2065
32,2385,869,13.4223,4.02071,27.2244
32,2386,888,13.2962,4.01802,27.2252
32,2387,889,13.189,3.97188,27.1676
32,2388,885,13.3153,4,27.1774
32,2389,876,13.5879,4.11872,27.2557
32,2390,890,13.3888,4.07079,27.2674
32,2391,870,13.3356,4.01954,27.2805
32,2392,877,13.2372,3.99088,27.293
32,2393,883,13.2129,3.98528,27.2661
32,2394,890,13.2,3.97191,27.3079
32,2395,902,13.2572,3.98448,27.3348
32,2396,898,13.1292,3.89644,27.3786
32,2397,893,13.1601,3.89026,27.3527
32,2398,904,13.0553,3.86283,27.3695
32,2399,914,13.0689,3.88512,27.3435
32,2400,909,13.0055,3.86579,27.3443
32,2401,909,13.0638,3.88559,27.3553
32,2402,896,13.1395,3.93638,27.3504
32,2403,911,12.9638,3.88584,27.3633
32,2404,909,13.0561,3.92409,27.3773
32,2405,894,13.3378,4.02237,27.3445
32,2406,890,13.4483,4.03933,27.3551
32,2407,902,13.3847,4.01885,27.3925
32,2408,884,13.3518,3.96267,27.3303
32,2409,886,13.386,3.97404,27.3341
32,2410,900,13.5722,4.05111,27.3756
32,2411,894,13.4016,3.97539,27.4206
32,2412,904,13.1881,3.89491,27.4469
32,2413,901,13.2986,3.95782,27.4451
32,2414,898,13.2383,3.90757,27.3719
32,2415,890,13.3404,3.93596,27.373
32,2416,892,13.5202,4.00336,27.3318
32,2417,893,13.542,3.99776,27.2788
32,2418,898,13.4866,4.00668,27.2717
32,2419,904,13.302,3.9823,27.3429
32,2420,899,13.2681,3.92659,27.2681
32,2421,900,13.31,3.97444,27.2333
32,2422,894,13.3591,4.00895,27.2036
32,2423,877,13.5211,4.03991,27.2338
32,2424,884,13.5577,4.07127,27.2602
32,2425,901,13.4861,4.06548,27.2275
32,2426,902,13.5443,4.13193,27.2173
32,2427,914,13.1805,3.97265,27.1904
32,2428,906,13.0464,3.88962,27.1435
32,2429,906,12.5982,3.69978,27.1611
32,2430,887,12.8117,3.76212,27.159
32,2431,877,13.081,3.81756,27.1197
32,2432,871,13.0976,3.84845,27.1251
32,2433,870,13.0448,3.78161,27.1655
32,2434,853,12.9015,3.71395,27.1231
32,2435,842,12.9917,3.77078,27.1615
32,2436,844,13.237,3.82109,27.1777
32,2437,849,13.3769,3.90459,27.1849
32,2438,850,13.4565,3.91647,27.1482
32,2439,841,13.3008,3.87039,27.1344
32,2440,843,13.1661,3.87663,27.134
32,2441,852,12.9824,3.78756,27.061
32,2442,839,13.0334,3.73182,27.1132
32,2443,835,13.2359,3.7976,27.0395
32,2444,832,13.1707,3.77644,27.0697
32,2445,827,13.1004,3.76421,27.0931
32,2446,833,13.1453,3.76351,27.0876
32,2447,835,13.485,3.88503,27.109
32,2448,854,13.493,3.9356,27.0796
32,2449,874,13.2243,3.87071,27.1236
32,2450,867,13.2353,3.88927,27.1326
32,2451,859,13.0722,3.81723,27.0407
32,2452,860,13.2081,3.89767,27.0256
32,2453,857,13.2964,3.97083,27.0572
32,2454,843,13.2408,3.92645,27.0842
32,2455,835,13.3293,3.95808,27.0539
32,2456,843,13.4579,3.96797,27.0083
32,2457,844,13.3092,3.94194,26.9858
32,2458,847,13.5455,4.03306,27.0035
32,2459,844,13.6552,4.07464,26.9834
32,2460,845,13.8473,4.12189,27.013
32,2461,850,13.8176,4.12706,27.0847
32,2462,857,13.6966,4.11085,27.0665
32,2463,858,13.5326,4.04662,27.0769
32,2464,855,13.5287,4.04561,27.1111
32,2465,857,13.5461,4.08868,27.1249
32,2466,846,13.4066,4.07801,27.2009
32,2467,857,13.4084,4.07585,27.1575
32,2468,849,13.5053,4.07892,27.1543
32,2469,849,13.4417,4.01885,27.1048
32,2470,872,13.0321,3.91514,27.1009
32,2471,876,13.1998,3.97717,27.1689
32,2472,861,13.4634,4.02904,27.1754
32,2473,854,13.4578,4.01171,27.192
32,2474,863,13.4426,4.02317,27.1958
32,2475,880,13.5341,4.08068,27.1545
32,2476,882,13.3889,4.01701,27.1247
32,2477,883,13.2797,4.01925,27.1416
32,2478,887,13.4262,4.08005,27.1432
32,2479,889,13.4882,4.09899,27.1789
32,2480,902,13.4324,4.12417,27.1885
32,2481,896,13.4944,4.1529,27.2076
32,2482,895,13.3955,4.13966,27.2089
32,2483,894,13.2864,4.0962,27.1812
32,2484,887,13.0462,4.02255,27.1522
32,2485,889,13.1091,4.0225,27.1316
32,2486,872,13.1812,4.02982,27.1628
32,2487,868,13.1728,4.00806,27.1083
32,2488,851,13.322,4.05288,27.1516
32,2489,844,13.2725,4,27.1896
32,2490,839,13.3373,4.00834,27.1609
32,2491,841,13.308,4.00713,27.1439
32,2492,841,13.1106,3.94649,27.2152
32,2493,844,12.9455,3.89692,27.1825
32,2494,850,12.8976,3.92235,27.2471
32,2495,836,12.9414,3.96053,27.244
32,2496,831,13.1588,4.01925,27.2684
32,2497,831,13.3008,4.05656,27.2924
32,2498,818,13.1467,4.02689,27.3032
32,2499,811,13.1184,4.04316,27.3391
32,2500,807,13.0954,4.04461,27.3135
32,2501,803,13.274,4.06476,27.2304
32,2502,804,13.209,4.06716,27.2886
32,2503,807,13.1921,4.09665,27.425
32,2504,800,13.21,4.1425,27.43
32,2505,813,12.9557,3.99754,27.4416
32,2506,811,12.7534,3.92972,27.3859
32,2507,818,12.8631,3.978,27.4108
32,2508,832,13.0264,4.04567,27.4087
32,2509,824,12.8774,4.0085,27.449
32,2510,829,13.1013,4.09168,27.4403
32,2511,834,13.1259,4.09952,27.4341
32,2512,842,13.2245,4.14371,27.4727
32,2513,849,13.2532,4.18375,27.5618
32,2514,852,13.4836,4.26878,27.5211
32,2515,851,13.0282,4.10341,27.5253
32,2516,863,13.0197,4.11008,27.555
32,2517,839,13.2574,4.18474,27.5542
32,2518,838,13.043,4.08711,27.5585
32,2519,838,12.963,4.06802,27.5823
32,2520,838,12.92,4.00239,27.5274
32,2521,828,13.1002,4.0628,27.4976
32,2522,836,12.9605,4.02512,27.5167
32,2523,850,12.7118,3.93529,27.5271
32,2524,845,13.0533,4.06746,27.5337
32,2525,851,13.1128,4.11046,27.5558
32,2526,858,13.1131,4.12238,27.5268
32,2527,853,13.49,4.26729,27.5545
32,2528,849,13.2485,4.16137,27.5359
32,2529,855,13.5684,4.25848,27.5345
32,2530,857,13.4247,4.21704,27.6126
32,2531,858,13.2576,4.17949,27.5734
32,2532,857,13.4492,4.27071,27.5543
32,2533,863,13.2132,4.17613,27.657
32,2534,870,13.0644,4.13448,27.6322
32,2535,872,13.1812,4.15138,27.6193
32,2536,875,13.264,4.19657,27.5954
32,2537,864,13.4676,4.24769,27.6412
32,2538,844,13.6517,4.28673,27.5948
32,2539,844,13.5924,4.28791,27.5664
32,2540,849,13.4735,4.24499,27.5501
32,2541,844,13.3507,4.21445,27.5687
32,2542,845,13.4154,4.23432,27.4888
32,2543,831,13.2515,4.13959,27.5162
32,2544,842,13.196,4.15796,27.4561
32,2545,848,13.2241,4.19458,27.4104
32,2546,847,13.0732,4.16883,27.4026
32,2547,833,13.012,4.13085,27.4382
32,2548,834,13.2122,4.17866,27.4125
32,2549,819,13.1477,4.1221,27.4359
32,2550,826,13.2482,4.19855,27.4794
32,2551,820,13.3927,4.2,27.4805
32,2552,811,13.5808,4.23305,27.4525
32,2553,819,13.3211,4.13675,27.3968
32,2554,814,13.3108,4.15233,27.4324
32,2555,805,13.3503,4.15155,27.4311
32,2556,806,13.5211,4.21464,27.4392
32,2557,800,13.5363,4.215,27.4625
32,2558,812,13.6342,4.23153,27.468
32,2559,812,13.4901,4.19704,27.4335
32,2560,836,13.4593,4.22847,27.4402
32,2561,848,13.5448,4.29717,27.4953
32,2562,845,13.2012,4.13373,27.4604
32,2563,838,13.2601,4.16945,27.4487
32,2564,829,13.0422,4.09771,27.4499
32,2565,827,13.1112,4.08102,27.4897
32,2566,835,13.0419,4.06228,27.4826
32,2567,829,12.9481,4.05669,27.5006
32,2568,818,12.8337,4.00611,27.5746
32,2569,815,12.8589,3.98773,27.6025
32,2570,816,12.8395,3.96691,27.6471
32,2571,805,13.1429,4.09565,27.6472
32,2572,820,13.3402,4.17805,27.6659
32,2573,809,13.424,4.20396,27.644
32,2574,798,13.6404,4.2594,27.589
32,2575,807,13.7398,4.32094,27.5291
32,2576,806,13.6055,4.28784,27.5112
32,2577,809,13.4883,4.28677,27.513
32,2578,806,13.6042,4.31762,27.5112
32,2579,803,13.5218,4.26899,27.5716
32,2580,799,13.6733,4.31289,27.592
32,2581,801,13.7253,4.37828,27.5506
32,2582,807,14.0818,4.52664,27.5539
32,2583,802,13.9564,4.48753,27.5312
32,2584,794,13.8023,4.43955,27.5869
32,2585,787,13.9187,4.5197,27.6315
32,2586,788,13.8794,4.49619,27.6269
32,2587,771,13.6239,4.37095,27.6291
32,2588,769,13.7477,4.43303,27.6099
32,2589,791,13.6637,4.38559,27.5373
32,2590,803,13.4521,4.34496,27.5168
32,2591,800,13.5062,4.305,27.4125
32,2592,800,13.1562,4.14625,27.4
32,2593,802,13.318,4.19825,27.3815
32,2594,808,13.1275,4.14109,27.3441
32,2595,802,13.4177,4.20574,27.3591
32,2596,801,13.3458,4.19101,27.3808
32,2597,809,13.3721,4.19036,27.3523
32,2598,800,13.5862,4.275,27.39
32,2599,802,13.6546,4.30549,27.3392
32,2600,792,13.7247,4.34975,27.3485
32,2601,789,13.7972,4.35868,27.3181
32,2602,778,13.5527,4.23907,27.2956
32,2603,774,13.6912,4.27907,27.2687
32,2604,788,13.7792,4.26777,27.231
32,2605,788,13.717,4.22081,27.2157
32,2606,787,13.8577,4.23507,27.2173
32,2607,778,13.7391,4.21337,27.3111
32,2608,775,13.7703,4.26323,27.28
32,2609,777,13.8816,4.30631,27.2664
32,2610,787,13.9263,4.3291,27.2478
32,2611,794,13.7292,4.24433,27.2015
32,2612,791,13.8167,4.29204,27.2769
32,2613,787,13.8056,4.28971,27.3139
32,2614,791,13.5575,4.21365,27.2996
32,2615,811,13.6584,4.28237,27.2873
32,2616,810,13.3802,4.16173,27.2815
32,2617,812,13.3966,4.17857,27.2635
32,2618,822,13.354,4.16788,27.2871
32,2619,825,13.4485,4.19152,27.36
32,2620,822,13.2007,4.13139,27.4088
32,2621,822,13.219,4.15085,27.4307
32,2622,812,13.085,4.07266,27.3645
32,2623,813,13.0197,4.00615,27.3309
32,2624,831,12.9735,3.9627,27.3694
32,2625,837,12.8746,3.95938,27.3477
32,2626,838,13.099,4.01551,27.3007
32,2627,839,13.2217,4.02861,27.2872
32,2628,849,13.2591,4.06125,27.2532
32,2629,859,13.2037,4.08033,27.2317
32,2630,868,13.1843,4.06106,27.2673
32,2631,858,13.3531,4.09674,27.2075
32,2632,848,13.2512,4.05542,27.2618
32,2633,845,13.5964,4.18225,27.2615
32,2634,836,13.6483,4.20215,27.2871
32,2635,825,13.6533,4.16606,27.2461
32,2636,815,13.7472,4.22945,27.2368
32,2637,801,13.7628,4.27216,27.3159
32,2638,810,13.6111,4.21481,27.3407
32,2639,822,13.6277,4.21898,27.2993
32,2640,839,13.6484,4.236,27.3302
32,2641,847,13.719,4.29162,27.3459
32,2642,872,13.2764,4.11468,27.3486
32,2643,875,13.2731,4.14171,27.376
32,2644,877,13.4299,4.18586,27.3546
32,2645,885,13.5537,4.24407,27.3424
32,2646,883,13.4077,4.17441,27.3545
32,2647,874,13.3215,4.1167,27.3982
32,2648,867,13.1361,4.08304,27.4095
32,2649,859,13.2794,4.14203,27.3993
32,2650,842,13.38,4.14133,27.4133
32,2651,831,13.2864,4.06739,27.3333
32,2652,830,13.3771,4.09277,27.2651
32,2653,839,13.4601,4.14541,27.2277
32,2654,825,13.5818,4.14788,27.1903
32,2655,827,13.7267,4.20314,27.1778
32,2656,823,13.8445,4.17983,27.1495
32,2657,825,13.4303,4.09697,27.1782
32,2658,820,13.65,4.18049,27.1146
32,2659,825,13.4558,4.1297,27.1103
32,2660,830,13.3193,4.08193,27.1084
32,2661,820,13.061,3.97683,27.1244
32,2662,832,12.905,3.92428,27.0481
32,2663,814,12.9496,3.92875,27.0934
32,2664,815,13.0589,3.99755,27.0429
32,2665,807,13.228,4.07559,27.0657
32,2666,794,12.9761,4.01259,27.0781
32,2667,790,13.1544,4.02785,26.9949
32,2668,784,13.4235,4.13265,26.9566
32,2669,777,13.3269,4.07722,26.9395
32,2670,775,13.3058,4.05935,26.9832
32,2671,782,13.2302,4.02558,27.0691
32,2672,785,13.3452,4.04968,27.0879
32,2673,779,13.2773,4.03851,27.0655
32,2674,794,13.3186,4.0466,27.063
32,2675,791,13.0253,3.98736,27.1049
32,2676,804,13.0062,3.99129,27.1915
32,2677,804,12.9142,3.92537,27.1045
32,2678,801,12.8939,3.94257,27.1161
32,2679,806,12.9752,4.00868,27.1811
32,2680,798,13.1353,4.01128,27.218
32,2681,797,13.3802,4.13927,27.2447
32,2682,799,13.3642,4.1577,27.3191
32,2683,791,13.4905,4.18458,27.3451
32,2684,787,13.4867,4.21728,27.3189
32,2685,793,13.3644,4.18033,27.3821
32,2686,794,13.3942,4.16247,27.2972
32,2687,799,13.3542,4.18023,27.2516
32,2688,794,13.471,4.21159,27.2217
32,2689,798,13.683,4.30075,27.2406
32,2690,793,13.8071,4.35939,27.2106
32,2691,799,13.9562,4.40676,27.1615
32,2692,804,13.8371,4.37935,27.1318
32,2693,790,13.6633,4.26456,27.1063
32,2694,785,13.5401,4.19873,27.0064
32,2695,786,13.5344,4.17812,27.0254
32,2696,774,13.4871,4.17313,26.9948
32,2697,775,13.2284,4.10323,27.0271
32,2698,770,13.1779,4.07013,27.0156
32,2699,768,13.2487,4.0625,26.9922
32,2700,776,13.2281,4.03737,27.0052
32,2701,776,13.3454,4.05155,27.0567
32,2702,787,13.4879,4.12071,27.1029
32,2703,792,13.5972,4.18434,27.154
32,2704,791,13.603,4.15929,27.1252
32,2705,800,13.5225,4.1525,27.165
32,2706,799,13.6596,4.19775,27.1665
32,2707,807,13.653,4.19455,27.1846
32,2708,799,13.6008,4.16521,27.219
32,2709,806,13.6166,4.15757,27.1737
32,2710,801,13.5943,4.1161,27.1586
32,2711,814,13.6523,4.13514,27.172
32,2712,812,13.5751,4.09236,27.1256
32,2713,812,13.6268,4.09729,27.1601
32,2714,795,13.5786,4.10314,27.1774
32,2715,798,13.5326,4.08647,27.1704
32,2716,800,13.845,4.1925,27.1625
32,2717,786,13.8448,4.17176,27.1476
32,2718,781,13.7157,4.12548,27.1421
32,2719,784,13.6633,4.1352,27.1301
32,2720,788,13.7107,4.15736,27.0838
32,2721,798,13.4687,4.08772,27.1479
32,2722,793,13.5498,4.09836,27.1879
32,2723,805,13.4658,4.06584,27.2
32,2724,809,13.7886,4.16193,27.1891
32,2725,813,13.6888,4.13161,27.2276
32,2726,811,13.439,4.05672,27.2035
32,2727,802,13.4352,4.00623,27.2269
32,2728,805,13.4385,3.99503,27.272
32,2729,805,13.6348,4.05839,27.1602
32,2730,807,13.6828,4.10657,27.14
32,2731,809,13.5365,4.0618,27.1199
32,2732,803,13.7235,4.09838,27.1059
32,2733,814,13.344,3.98034,27.1081
32,2734,824,13.2718,3.96845,27.085
32,2735,832,13.2812,3.94591,27.0841
32,2736,830,13.5108,4.0506,27.0265
32,2737,839,13.3981,4.00596,27.0465
32,2738,839,13.2527,3.94279,27.056
32,2739,840,13.2917,3.97024,27.0857
32,2740,852,13.4343,4.02465,27.1056
32,2741,842,13.6556,4.09382,27.0641
32,2742,853,13.4537,4.0211,27.0528
32,2743,850,13.4424,4.01059,27.0094
32,2744,872,13.5619,4.06422,26.9977
32,2745,877,13.5553,4.06727,27.0011
32,2746,875,13.3063,3.99314,27.0971
32,2747,874,13.3455,4.02517,27.135
32,2748,861,13.3682,4.0453,27.1731
32,2749,862,13.2529,3.95824,27.1485
32,2750,851,13.1398,3.953,27.1046
32,2751,848,13.105,3.94222,27.1297
32,2752,841,13.352,4.02854,27.1724
32,2753,846,13.0366,3.94799,27.1726
32,2754,843,13.134,3.92171,27.0795
32,2755,839,13.3313,4.04768,27.1538
32,2756,832,13.345,4.03486,27.125
32,2757,825,13.3903,3.98424,27.1127
32,2758,831,13.2671,3.9302,27.1528
32,2759,842,13.3195,3.95843,27.1948
32,2760,840,13.1679,3.88929,27.119
32,2761,846,13.2033,3.90544,27.0804
32,2762,842,13.0736,3.82898,27.0689
32,2763,844,13.4325,3.93957,27.0853
32,2764,842,13.4181,3.95843,27.038
32,2765,845,13.4402,3.97041,27.0911
32,2766,840,13.2488,3.91429,27.0214
32,2767,841,13.3615,3.9453,27.0202
32,2768,838,13.4189,3.93795,26.9642
32,2769,844,13.5059,3.95735,26.9882
32,2770,862,13.3225,3.93852,27.0139
32,2771,864,13.3194,3.93056,27.0093
32,2772,868,13.3629,3.93203,27.0046
32,2773,867,13.0277,3.76932,26.9873
32,2774,872,13.2099,3.8555,26.9656
32,2775,877,13.2281,3.85975,26.9532
32,2776,892,13.2321,3.86996,26.9731
32,2777,901,13.2364,3.89012,26.8835
32,2778,899,13.4828,3.97553,26.8765
32,2779,884,13.4548,3.96041,26.8507
32,2780,881,13.6209,3.98524,26.8536
32,2781,884,13.5181,3.98756,26.8552
32,2782,890,13.6202,4.00225,26.818
32,2783,892,13.4978,3.9787,26.8184
32,2784,904,13.6128,4.04204,26.7788
32,2785,904,13.7201,4.10951,26.7611
32,2786,900,13.6311,4.06333,26.7378
32,2787,906,13.5486,4.01435,26.6976
32,2788,905,13.3923,3.92818,26.7448
32,2789,882,13.4671,3.95465,26.78
32,2790,878,13.4339,3.88155,26.7836
32,2791,878,13.295,3.81549,26.82
32,2792,869,13.3567,3.79402,26.8101
32,2793,864,13.3819,3.78241,26.8426
32,2794,878,13.3428,3.79043,26.9157
32,2795,871,13.1998,3.71986,26.8863
32,2796,874,12.9668,3.64645,26.9268
32,2797,869,12.8838,3.64212,26.9344
32,2798,867,12.8593,3.63322,26.9435
32,2799,874,12.667,3.56522,26.9382
32,2800,873,12.5693,3.5063,26.9141
32,2801,857,12.4411,3.46441,26.8775
32,2802,843,12.5635,3.51008,26.8541
32,2803,864,12.6644,3.54282,26.8218
32,2804,855,12.6854,3.52164,26.8234
32,2805,852,12.8415,3.56338,26.8427
32,2806,838,12.9702,3.55131,26.8091
32,2807,846,13.0733,3.62057,26.8794
32,2808,833,13.1657,3.68067,26.8715
32,2809,849,13.1743,3.73263,26.8481
32,2810,835,13.3725,3.81317,26.8455
32,2811,826,13.322,3.81598,26.8814
32,2812,840,13.3119,3.81667,26.9429
32,2813,828,13.2512,3.78019,26.9444
32,2814,824,13.1748,3.78762,26.9417
32,2815,823,13.1701,3.7825,26.9769
32,2816,831,13.1516,3.80144,26.9771
32,2817,841,13.0571,3.81688,27.0178
32,2818,834,13.2866,3.85492,27.036
32,2819,830,13.4602,3.93976,27.0458
32,2820,826,13.2906,3.89225,27.0654
32,2821,829,13.468,3.95778,27.047
32,2822,836,13.4258,3.95335,27
32,2823,854,13.4988,4.00585,27.0258
32,2824,854,13.4883,4.04098,27.0117
32,2825,846,13.4586,3.99054,27.0355
32,2826,852,13.2923,3.973,26.9695
32,2827,842,13.2589,3.95368,27.0451
32,2828,848,13.1639,3.96934,27.0401
32,2829,846,13.1017,3.94563,26.9929
32,2830,857,13.0233,3.90548,26.9825
32,2831,856,13.0829,3.8972,26.9439
32,2832,853,13.068,3.86987,26.9168
32,2833,852,13,3.8838,26.9178
32,2834,852,13.0376,3.9061,26.9507
32,2835,853,13.3294,3.98476,26.9543
32,2836,848,13.2901,4.0059,26.9481
32,2837,854,13.3899,4.06792,26.9625
32,2838,859,13.3423,4.01863,26.9732
32,2839,875,13.248,4.016,27.0057
32,2840,877,13.2851,4.04561,26.9715
32,2841,877,13.4515,4.1049,26.919
32,2842,885,13.5322,4.11299,26.9085
32,2843,884,13.2127,3.99774,26.9072
32,2844,876,13.1279,3.91667,26.8836
32,2845,861,13.2613,3.98142,26.8966
32,2846,868,13.4804,4.06221,26.8111
32,2847,884,13.2998,4.01357,26.8281
32,2848,872,13.3303,4.01032,26.8739
32,2849,880,13.2773,3.95568,26.8136
32,2850,871,13.1986,3.89782,26.8197
32,2851,869,13.0449,3.84235,26.7572
32,2852,873,13.0355,3.81214,26.7285
32,2853,875,12.9451,3.79086,26.6949
32,2854,855,12.8187,3.70292,26.655
32,2855,849,12.8645,3.73616,26.6784
32,2856,855,12.8292,3.71345,26.7275
32,2857,849,12.8539,3.71849,26.7067
32,2858,850,12.8965,3.76824,26.6965
32,2859,840,12.8595,3.75833,26.731
32,2860,837,12.951,3.77658,26.7168
32,2861,844,13.1505,3.84479,26.7346
32,2862,835,13.188,3.88144,26.7425
32,2863,827,12.977,3.77146,26.8077
32,2864,823,13.1288,3.84447,26.8505
32,2865,812,13.0197,3.79926,26.8325
32,2866,812,13.0135,3.79433,26.803
32,2867,822,13.1691,3.82725,26.8224
32,2868,826,13.2821,3.8632,26.8136
32,2869,823,13.3572,3.90279,26.8044
32,2870,825,13.3661,3.91394,26.8
32,2871,822,13.247,3.86983,26.8321
32,2872,817,13.2974,3.88984,26.7515
32,2873,818,13.368,3.88753,26.7506
32,2874,825,13.5273,3.93939,26.7297
32,2875,807,13.4672,3.95167,26.6766
32,2876,804,13.4863,3.97512,26.6567
32,2877,806,13.4677,3.95782,26.6278
32,2878,807,13.7051,4.02107,26.5824
32,2879,814,13.6941,4.03194,26.5823
32,2880,829,13.6152,4.00362,26.6104
32,2881,834,13.506,4,26.6691
32,2882,841,13.4946,4.0214,26.6801
32,2883,841,13.1712,3.8692,26.7087
32,2884,835,13.0826,3.82156,26.7449
32,2885,854,13.1206,3.85129,26.7752
32,2886,829,13.1628,3.83595,26.7238
32,2887,844,12.9775,3.80095,26.6611
32,2888,848,12.8632,3.7842,26.6557
32,2889,851,12.9589,3.82726,26.6439
32,2890,862,12.8921,3.80162,26.6821
32,2891,855,12.6164,3.68421,26.6877
32,2892,872,12.6112,3.72133,26.6766
32,2893,869,12.7388,3.7641,26.6329
32,2894,875,12.9051,3.80914,26.592
32,2895,873,12.8706,3.78923,26.5155
32,2896,860,13.0233,3.8314,26.4767
32,2897,850,12.9694,3.77882,26.4753
32,2898,863,12.8702,3.73465,26.4195
32,2899,870,12.9299,3.73793,26.3931
32,2900,877,13.049,3.81528,26.4173
32,2901,869,13.1438,3.82969,26.3636
32,2902,870,13.1161,3.81954,26.2966
32,2903,874,13.3066,3.86957,26.2494
32,2904,877,13.1163,3.82326,26.2759
32,2905,887,12.8974,3.74521,26.2706
32,2906,888,12.8491,3.76914,26.2793
32,2907,902,12.7373,3.69845,26.2772
32,2908,890,12.7135,3.71011,26.3101
32,2909,885,12.8429,3.71977,26.2802
32,2910,880,12.7886,3.68295,26.2955
32,2911,886,12.7709,3.67156,26.2822
32,2912,894,12.6353,3.64877,26.2864
32,2913,894,12.4195,3.58389,26.2371
32,2914,896,12.3962,3.5279,26.2321
32,2915,888,12.2827,3.45946,26.2432
32,2916,886,12.2652,3.45711,26.1941
32,2917,886,12.4786,3.52709,26.2438
32,2918,880,12.5898,3.53636,26.2159
32,2919,888,12.5225,3.51914,26.2252
32,2920,889,12.6502,3.55006,26.162
32,2921,879,12.6906,3.54608,26.0887
32,2922,881,12.8059,3.563,26.0885
32,2923,877,12.9247,3.59749,26.0296
32,2924,876,12.7717,3.56963,25.9932
32,2925,868,12.8214,3.53687,25.9908
32,2926,867,12.8108,3.52249,25.9954
32,2927,878,12.7961,3.50911,25.9886
32,2928,885,12.7164,3.48023,26.0452
32,2929,874,12.6396,3.43021,26.0229
32,2930,886,12.544,3.38488,26.0316
32,2931,892,12.8352,3.46973,25.9484
32,2932,906,12.862,3.47572,25.9382
32,2933,911,12.9627,3.54226,25.9319
32,2934,910,12.9264,3.55165,25.9253
32,2935,899,12.9199,3.58843,25.9911
32,2936,906,12.957,3.64018,25.9779
32,2937,912,12.9594,3.61952,26.011
32,2938,924,12.8268,3.62662,26.0714
32,2939,924,12.9329,3.65476,26.0303
32,2940,931,12.8389,3.59828,26.0215
32,2941,934,12.8833,3.62955,26.0064
32,2942,922,12.9512,3.63557,25.9892
32,2943,923,12.7443,3.54713,26.0802
32,2944,936,12.8665,3.62393,26.0662
32,2945,931,12.754,3.56928,26.116
32,2946,919,12.9119,3.60936,26.1045
32,2947,925,12.8573,3.57189,26.0778
32,2948,920,12.8587,3.51957,26.1522
32,2949,920,12.925,3.55652,26.2087
32,2950,915,12.9978,3.56284,26.2055
32,2951,914,13.0985,3.61597,26.1969
32,2952,922,13.2386,3.68872,26.2104
32,2953,934,13.1435,3.67131,26.257
32,2954,924,13.3182,3.74567,26.303
32,2955,922,13.1421,3.70933,26.2993
32,2956,922,13.0933,3.67028,26.2842
32,2957,926,13.04,3.67495,26.2916
32,2958,927,13.0043,3.6397,26.2567
32,2959,934,13.0268,3.64026,26.2827
32,2960,915,13.2667,3.71038,26.1945
32,2961,910,13.2286,3.67582,26.1978
32,2962,932,13.3541,3.75,26.2403
32,2963,937,13.3031,3.72679,26.2028
32,2964,924,13.4448,3.75541,26.197
32,2965,932,13.2704,3.72103,26.2361
32,2966,936,13.0374,3.63675,26.2244
32,2967,929,13.0118,3.62217,26.2347
32,2968,923,12.9523,3.6143,26.3055
32,2969,918,13.1362,3.66558,26.3268
32,2970,913,13.0854,3.62979,26.3395
32,2971,913,13.0186,3.6035,26.3308
32,2972,910,12.8022,3.57033,26.2879
32,2973,927,12.8716,3.59547,26.2826
32,2974,928,12.7931,3.57328,26.3384
32,2975,922,12.9479,3.58677,26.4143
32,2976,914,13.2221,3.66958,26.4136
32,2977,913,13.2114,3.65608,26.4315
32,2978,909,13.1507,3.59626,26.473
32,2979,914,13.0503,3.55799,26.4639
32,2980,915,12.9377,3.51694,26.4962
32,2981,926,12.8888,3.47084,26.54
32,2982,931,12.9141,3.52309,26.5134
32,2983,916,12.9301,3.50328,26.4956
32,2984,921,12.7774,3.49837,26.5233
32,2985,918,12.8007,3.52832,26.549
32,2986,909,12.8262,3.53465,26.5259
32,2987,925,12.7481,3.55243,26.5103
32,2988,937,12.5614,3.46745,26.4952
32,2989,940,12.716,3.51702,26.4574
32,2990,930,12.7505,3.52151,26.4
32,2991,915,12.8525,3.55519,26.4109
32,2992,912,12.7928,3.53947,26.3618
32,2993,914,12.7276,3.51641,26.3873
32,2994,918,12.8508,3.54684,26.3617
32,2995,919,12.8183,3.52013,26.3983
32,2996,929,12.7503,3.50161,26.4392
32,2997,931,12.8281,3.5145,26.4984
32,2998,925,13.0151,3.58811,26.5319
32,2999,924,12.8387,3.52706,26.5433
32,3000,925,12.9254,3.58703,26.5968
32,3001,918,12.9989,3.57734,26.5839
32,3002,920,12.9935,3.57391,26.6283
32,3003,934,13.046,3.60921,26.6831
32,3004,936,13.0182,3.59402,26.7009
32,3005,938,12.8422,3.56183,26.7527
32,3006,946,12.9651,3.61839,26.7442
32,3007,933,13.0975,3.66559,26.7631
32,3008,937,13.08,3.6873,26.7599
32,3009,927,13.0043,3.63646,26.7379
32,3010,924,13.0801,3.67208,26.7316
32,3011,922,13.2115,3.71367,26.744
32,3012,911,13.1394,3.69484,26.7398
32,3013,921,13.2085,3.74376,26.7579
32,3014,914,13.3063,3.76586,26.7724
32,3015,903,13.2569,3.76301,26.7863
32,3016,902,13.2916,3.77938,26.7783
32,3017,902,13.3326,3.79933,26.816
32,3018,905,13.4155,3.86519,26.8663
32,3019,908,13.3877,3.88987,26.9141
32,3020,913,13.5137,3.89595,26.9135
32,3021,917,13.5234,3.90513,26.9553
32,3022,902,13.459,3.90909,26.9113
32,3023,896,13.3895,3.85603,26.9308
32,3024,905,13.3182,3.87072,27.0762
32,3025,906,13.2859,3.87307,27.064
32,3026,924,13.2468,3.86472,27.0455
32,3027,940,13.0553,3.80319,27.0298
32,3028,934,13.0717,3.78801,26.9293
32,3029,928,12.9968,3.74353,26.8879
32,3030,927,12.7767,3.65588,26.8501
32,3031,943,12.685,3.63733,26.9056
32,3032,936,12.4904,3.57479,26.9252
32,3033,931,12.6971,3.66058,26.9474
32,3034,924,12.789,3.671,26.9242
32,3035,911,12.7925,3.67947,26.9374
32,3036,917,13.1494,3.80807,26.9662
32,3037,898,13.3486,3.86971,26.9688
32,3038,899,13.3882,3.91324,27.0189
32,3039,882,13.4059,3.89116,27.0181
32,3040,879,13.5484,3.96928,27.0171
32,3041,875,13.5806,3.96914,27.0034
32,3042,877,13.3227,3.85519,27.0741
32,3043,886,13.2291,3.82731,27.0316
32,3044,882,13.2574,3.83447,27.0726
32,3045,880,13.1795,3.78182,27.0455
32,3046,871,13.3789,3.87141,26.992
32,3047,879,13.496,3.91126,27.0011
32,3048,878,13.2631,3.83941,26.9932
32,3049,887,12.9481,3.7531,27.0733
32,3050,881,12.8456,3.74915,27.0692
32,3051,876,12.9863,3.79909,27.0525
32,3052,884,13.0781,3.83032,27.0611
32,3053,884,13.198,3.89027,26.9774
32,3054,880,13.1875,3.87386,26.9477
32,3055,881,12.9501,3.83655,26.9648
32,3056,875,12.8023,3.77714,26.96
32,3057,876,12.8094,3.77169,26.9954
32,3058,880,12.9489,3.83409,26.9841
32,3059,888,13.0901,3.86599,26.9122
32,3060,900,13.1778,3.92778,26.9111
32,3061,892,13.1401,3.90919,26.9215
32,3062,897,13.2598,3.96098,26.9498
32,3063,902,13.2018,3.93792,26.8936
32,3064,886,13.3081,3.97743,26.9097
32,3065,880,13.292,3.95568,26.9409
32,3066,881,13.1759,3.916,26.9149
32,3067,873,13.268,3.96334,26.8431
32,3068,880,13.3693,4.02045,26.8864
32,3069,874,13.476,4.10641,26.9222
32,3070,887,13.2289,4.04848,26.9673
32,3071,905,12.9116,3.86298,26.9591
32,3072,893,12.7682,3.79283,26.9518
32,3073,890,12.9562,3.83933,26.9191
32,3074,901,12.9612,3.8535,26.9634
32,3075,892,12.9585,3.85426,27.0291
32,3076,884,12.8009,3.78394,26.991
32,3077,888,12.8964,3.80631,26.9707
32,3078,878,12.6754,3.73804,26.9522
32,3079,882,12.9478,3.84467,26.9456
32,3080,876,12.855,3.77626,26.8813
32,3081,871,12.9414,3.82778,26.8542
32,3082,873,13.0424,3.87171,26.8293
32,3083,888,12.982,3.89302,26.8536
32,3084,891,12.7351,3.82604,26.9113
32,3085,878,12.8246,3.85877,26.9339
32,3086,879,13.0125,3.93629,26.8987
32,3087,886,12.9729,3.90745,26.8939
32,3088,901,12.8335,3.86681,26.9256
32,3089,897,12.7681,3.84838,26.9142
32,3090,892,12.6883,3.80269,26.8475
32,3091,891,12.752,3.7991,26.8889
32,3092,871,12.6866,3.73938,26.8335
32,3093,853,12.7245,3.74326,26.8464
32,3094,857,12.8623,3.79463,26.7585
32,3095,852,12.8556,3.7723,26.6878
32,3096,849,12.9293,3.7927,26.6478
32,3097,847,12.7792,3.76269,26.6753
32,3098,842,12.6663,3.68527,26.7221
32,3099,840,12.7512,3.7119,26.7286
32,3100,836,12.823,3.74043,26.8062
32,3101,825,12.6121,3.65818,26.6861
32,3102,830,12.7614,3.7012,26.6892
32,3103,823,12.7205,3.6853,26.6731
32,3104,829,12.8963,3.74065,26.7045
32,3105,811,13.127,3.81628,26.6436
32,3106,820,13.239,3.87073,26.6561
32,3107,838,13.1384,3.8568,26.6683
32,3108,836,13.1459,3.85048,26.7057
32,3109,845,13.1669,3.85089,26.7527
32,3110,847,13.1122,3.78512,26.7273
32,3111,853,12.9941,3.74091,26.6542
32,3112,852,13.0845,3.78404,26.6432
32,3113,871,13.0494,3.76349,26.6567
32,3114,878,12.9932,3.73121,26.6469
32,3115,881,13.017,3.71623,26.6742
32,3116,892,13.0056,3.75448,26.7309
32,3117,895,12.8905,3.71173,26.7978
32,3118,894,12.9776,3.72036,26.7763
32,3119,889,12.9033,3.66142,26.8031
32,3120,874,12.8547,3.64073,26.8238
32,3121,879,12.9613,3.68942,26.851
32,3122,878,13.0239,3.70273,26.8884
32,3123,867,12.8651,3.63668,26.8789
32,3124,871,13.0643,3.71527,26.8863
32,3125,858,12.9732,3.67949,26.8252
32,3126,870,12.792,3.62069,26.8023
32,3127,869,12.7031,3.55696,26.7687
32,3128,867,12.8178,3.58131,26.7474
32,3129,868,13.0196,3.6659,26.8157
32,3130,879,12.967,3.71331,26.8237
32,3131,889,12.6997,3.6288,26.7469
32,3132,884,12.7138,3.66516,26.733
32,3133,871,12.7199,3.62916,26.7095
32,3134,879,12.7008,3.63254,26.6871
32,3135,869,12.9079,3.67089,26.6421
32,3136,872,12.9186,3.68578,26.5986
32,3137,879,13.0922,3.74061,26.6325
32,3138,877,13.1619,3.75713,26.6591
32,3139,887,12.9899,3.68433,26.6561
32,3140,893,13.1344,3.72676,26.6876
32,3141,890,13.2101,3.79663,26.7393
32,3142,879,13.2878,3.82594,26.7327
32,3143,875,13.4286,3.91086,26.6697
32,3144,877,13.2942,3.83922,26.6705
32,3145,873,13.3207,3.89347,26.7079
32,3146,876,13.5457,3.97374,26.7557
32,3147,867,13.6125,3.97693,26.7313
32,3148,871,13.7727,4.03674,26.7141
32,3149,872,13.9702,4.09633,26.7339
32,3150,883,13.5606,3.96263,26.7135
32,3151,875,13.7383,3.98286,26.6857
32,3152,886,13.6275,3.98081,26.6569
32,3153,885,13.5684,3.94463,26.5921
32,3154,891,13.385,3.90348,26.6442
32,3155,898,13.1247,3.82739,26.6169
32,3156,889,13.0652,3.82677,26.6074
32,3157,878,13.205,3.87585,26.6606
32,3158,878,13.3519,3.95558,26.672
32,3159,879,13.3709,4.00455,26.7167
32,3160,876,13.4441,4.01256,26.7306
32,3161,883,13.3828,3.9966,26.7678
32,3162,877,13.3455,3.94869,26.7936
32,3163,876,13.3299,3.91895,26.7671
32,3164,869,13.4166,3.92175,26.771
32,3165,862,13.3643,3.88283,26.6984
32,3166,855,13.5532,3.95205,26.6854
32,3167,848,13.5389,3.97288,26.684
32,3168,847,13.3932,3.92562,26.7155
32,3169,834,13.3357,3.93165,26.6691
32,3170,848,13.3267,3.9033,26.6415
32,3171,847,13.2692,3.89492,26.6564
32,3172,854,13.4016,3.95667,26.5995
32,3173,867,13.4475,3.99077,26.6067
32,3174,861,13.6051,4.036,26.6086
32,3175,853,13.5615,4.05041,26.6237
32,3176,857,13.4189,4.04784,26.6721
32,3177,854,13.3255,3.97073,26.6183
32,3178,858,13.2657,3.95921,26.5618
32,3179,862,13.3921,4.02668,26.6172
32,3180,856,13.4276,4.02336,26.6869
32,3181,856,13.2664,3.98949,26.75
32,3182,860,13.2023,3.93721,26.7116
32,3183,864,12.8646,3.81829,26.7477
32,3184,857,12.7935,3.81097,26.7678
32,3185,856,12.9836,3.88435,26.7453
32,3186,853,13.102,3.92263,26.7479
32,3187,844,13.0355,3.91351,26.7441
32,3188,839,12.9225,3.85816,26.7008
32,3189,850,12.7682,3.79647,26.7718
32,3190,852,13.1009,3.90376,26.7653
32,3191,845,13.1858,3.96213,26.7432
32,3192,847,13.0472,3.91736,26.7226
32,3193,849,13.1472,3.92462,26.6973
32,3194,843,13.2871,3.95848,26.6785
32,3195,852,13.2477,3.95188,26.6808
32,3196,844,13.2595,3.94905,26.6351
32,3197,850,13.1306,3.84588,26.6165
32,3198,862,13.2807,3.91879,26.6311
32,3199,858,13.3986,3.95221,26.662
32,3200,846,13.2766,3.90662,26.6643
32,3201,835,13.5054,4.00958,26.6635
32,3202,840,13.3286,3.97619,26.6476
32,3203,835,13.382,4.01437,26.5988
32,3204,831,13.2407,3.94826,26.6161
32,3205,832,13.2356,3.91106,26.6274
32,3206,842,13.2328,3.89786,26.6413
32,3207,848,13.1733,3.92099,26.6085
32,3208,845,13.0249,3.92781,26.6462
32,3209,848,12.9375,3.92807,26.7028
32,3210,841,13.2081,3.99405,26.692
32,3211,828,13.5217,4.10386,26.7222
32,3212,820,13.7037,4.18415,26.7683
32,3213,831,13.6173,4.19495,26.7437
32,3214,834,13.6559,4.21583,26.7578
32,3215,818,13.6614,4.22127,26.7531
32,3216,813,13.4194,4.09717,26.6691
32,3217,814,13.2555,4.01229,26.6683
32,3218,817,13.3256,4.0612,26.6634
32,3219,829,13.24,4.02292,26.661
32,3220,815,13.3264,4.02699,26.6233
32,3221,815,13.1497,3.94724,26.6331
32,3222,814,13.3538,4.03563,26.6069
32,3223,831,13.4513,4.08905,26.5993
32,3224,847,13.464,4.08146,26.5549
32,3225,848,13.4682,4.06486,26.5024
32,3226,838,13.7363,4.16229,26.463
32,3227,848,13.6144,4.12618,26.4198
32,3228,840,13.5774,4.11667,26.4619
32,3229,837,13.5747,4.11589,26.4086
32,3230,830,13.7229,4.11446,26.3928
32,3231,838,13.3258,3.97733,26.2673
32,3232,834,13.042,3.91247,26.247
32,3233,819,12.9426,3.88523,26.2613
32,3234,807,12.9901,3.85006,26.1958
32,3235,814,13.0676,3.81941,26.1966
32,3236,815,13.0871,3.85031,26.2184
32,3237,821,13.0682,3.8782,26.2144
32,3238,823,12.8858,3.80073,26.2382
32,3239,834,13.0851,3.86571,26.199
32,3240,828,12.8696,3.75,26.244
32,3241,823,12.8384,3.76063,26.3305
32,3242,816,12.9951,3.8223,26.3627
32,3243,809,13.1978,3.8665,26.267
32,3244,816,12.8076,3.72672,26.2794
32,3245,807,12.6171,3.65056,26.2627
32,3246,794,12.6952,3.65743,26.2267
32,3247,796,12.9045,3.6809,26.2286
32,3248,798,12.9348,3.68546,26.2531
32,3249,806,12.9888,3.70471,26.1911
32,3250,810,13.0111,3.70864,26.1037
32,3251,805,13.2025,3.78882,26.1093
32,3252,786,13.3626,3.83206,26.0585
32,3253,795,13.3019,3.82893,26.0327
32,3254,803,13.3225,3.83562,26.1146
32,3255,803,13.3474,3.86924,26.142
32,3256,795,13.4302,3.89308,26.1459
32,3257,801,13.5605,3.93258,26.1423
32,3258,799,13.4556,3.9224,26.2178
32,3259,799,13.7547,4.04506,26.1627
32,3260,798,13.8108,4.08521,26.1103
32,3261,795,13.9698,4.13962,26.1208
32,3262,800,13.9738,4.1475,26.1675
32,3263,807,13.9108,4.14498,26.1859
32,3264,816,13.8958,4.15319,26.1936
32,3265,810,14.1494,4.22469,26.1901
32,3266,818,13.7897,4.14059,26.2421
32,3267,815,13.6049,4.13497,26.292
32,3268,814,13.5577,4.10319,26.3563
32,3269,813,13.6261,4.15867,26.3346
32,3270,810,13.5556,4.13704,26.2765
32,3271,809,13.6749,4.16193,26.314
32,3272,814,13.8194,4.21744,26.3047
32,3273,819,13.6862,4.15873,26.3199
32,3274,806,13.7543,4.18362,26.3623
32,3275,797,13.8168,4.16939,26.3689
32,3276,810,13.6383,4.1,26.4049
32,3277,816,13.6311,4.10539,26.3529
32,3278,817,13.8091,4.18605,26.3721
32,3279,847,13.8477,4.21251,26.4061
32,3280,844,13.7204,4.11137,26.3839
32,3281,848,13.6757,4.06132,26.3939
32,3282,857,13.6173,4.04667,26.4061
32,3283,854,13.4508,3.97658,26.4473
32,3284,858,13.352,3.95221,26.5221
32,3285,862,13.1218,3.87703,26.4942
32,3286,863,13.2121,3.8876,26.533
32,3287,860,13.1314,3.88488,26.5535
32,3288,870,12.9506,3.81609,26.577
32,3289,868,12.8652,3.80415,26.6382
32,3290,862,13.0476,3.89327,26.6589
32,3291,866,13.0901,3.90878,26.6975
32,3292,867,13.1892,3.92734,26.6943
32,3293,862,13.1543,3.89327,26.6914
32,3294,861,13.4925,3.99768,26.6551
32,3295,849,13.3887,3.95995,26.6808
32,3296,843,13.3796,3.93238,26.6287
32,3297,844,13.5628,4.02607,26.6777
32,3298,849,13.318,3.93168,26.6525
32,3299,862,13.2564,3.91067,26.6381
32,3300,860,13.1442,3.86744,26.6186
32,3301,865,13.0879,3.86474,26.6243
32,3302,855,12.9029,3.77895,26.5965
32,3303,857,12.986,3.80747,26.6138
32,3304,849,13.2803,3.91048,26.5442
32,3305,840,13.206,3.83214,26.4595
32,3306,842,13.2755,3.89192,26.5344
32,3307,839,13.2563,3.86532,26.5149
32,3308,834,13.2278,3.81894,26.506
32,3309,828,13.3031,3.85266,26.5652
32,3310,832,13.3546,3.83053,26.5288
32,3311,837,13.2425,3.78614,26.4564
32,3312,839,13.4124,3.82956,26.4243
32,3313,846,13.5236,3.85697,26.3948
32,3314,837,13.4385,3.82796,26.2843
32,3315,836,13.3469,3.76675,26.2656
32,3316,842,13.5024,3.84442,26.3088
32,3317,833,13.4778,3.87875,26.3193
32,3318,845,13.4083,3.88521,26.3124
32,3319,844,13.3164,3.89692,26.4123
32,3320,851,13.2127,3.88249,26.4324
32,3321,853,13.0739,3.86401,26.4385
32,3322,845,13.0675,3.85799,26.4663
32,3323,846,12.935,3.78369,26.4374
32,3324,836,13.128,3.8433,26.4211
32,3325,835,13.3066,3.91377,26.3952
32,3326,845,13.1172,3.87692,26.3432
32,3327,843,13.1044,3.85884,26.3393
32,3328,858,13.1935,3.93823,26.4522
32,3329,853,13.279,3.95193,26.3775
32,3330,849,13.3227,3.95524,26.3534
32,3331,846,13.4043,3.93972,26.3026
32,3332,839,13.3766,3.90584,26.2932
32,3333,824,13.3204,3.84102,26.2063
32,3334,825,13.0933,3.76121,26.1721
32,3335,819,13.1697,3.77167,26.1343
32,3336,833,13.2677,3.77431,26.1585
32,3337,831,13.3273,3.7485,26.1348
32,3338,826,13.4552,3.78692,26.1453
32,3339,824,13.2937,3.69053,26.1238
32,3340,829,12.9216,3.58625,26.0796
32,3341,836,13.0215,3.63397,26.0311
32,3342,843,13.2005,3.71886,26.0427
32,3343,844,13.3021,3.77014,26.0735
32,3344,835,13.4419,3.84311,26.0814
32,3345,845,13.2746,3.83905,26.1302
32,3346,831,13.3742,3.82912,26.0481
32,3347,840,13.356,3.8131,26.0214
32,3348,838,13.5239,3.87947,26.0286
32,3349,841,13.4625,3.80975,25.9762
32,3350,836,13.5179,3.75,25.9856
32,3351,834,13.3225,3.70024,25.964
32,3352,844,13.3377,3.6872,25.9171
32,3353,850,13.2941,3.68118,25.88
32,3354,846,13.2695,3.69858,25.9196
32,3355,855,13.1392,3.66433,25.9111
32,3356,859,13.0698,3.63795,25.9697
32,3357,867,12.9804,3.64937,25.9954
32,3358,876,12.8847,3.66553,26.0708
32,3359,875,13.0331,3.70514,26.0869
32,3360,876,13.0742,3.69292,26.1096
32,3361,886,12.5926,3.55192,26.1151
32,3362,892,12.4406,3.5157,26.1233
32,3363,873,12.6277,3.58076,26.0481
32,3364,873,12.5281,3.56472,26.1123
32,3365,864,12.8727,3.6713,26.1736
32,3366,873,12.8557,3.6701,26.181
32,3367,864,13.0579,3.67824,26.1458
32,3368,860,13.2837,3.74884,26.1605
32,3369,855,13.2304,3.76023,26.1942
32,3370,857,13.0583,3.68028,26.2194
32,3371,851,13.2127,3.74501,26.2515
32,3372,843,13.3974,3.84104,26.2752
32,3373,840,13.5869,3.91667,26.3119
32,3374,837,13.5508,3.86858,26.2772
32,3375,835,13.6144,3.92695,26.2611
32,3376,823,13.452,3.85298,26.3135
32,3377,826,13.4782,3.86441,26.1889
32,3378,832,13.5517,3.89784,26.1947
32,3379,824,13.4284,3.86772,26.1578
32,3380,840,13.4167,3.87262,26.1214
32,3381,839,13.385,3.8677,26.1836
32,3382,861,13.2822,3.84785,26.2369
32,3383,878,13.1765,3.81435,26.2825
32,3384,881,13.2145,3.83087,26.2815
32,3385,889,13.4173,3.89314,26.27
32,3386,884,13.3857,3.89593,26.3167
32,3387,869,13.4281,3.97353,26.3314
32,3388,858,13.5664,3.99301,26.2984
32,3389,859,13.78,4.0454,26.326
32,3390,847,13.5502,3.95159,26.2904
32,3391,855,13.4398,3.93099,26.2386
32,3392,852,13.4683,3.90376,26.277
32,3393,863,13.4936,3.9073,26.2155
32,3394,860,13.4651,3.92442,26.2279
32,3395,850,13.5459,3.93294,26.1741
32,3396,856,13.521,3.91472,26.1659
32,3397,862,13.3585,3.81439,26.1114
32,3398,862,13.3585,3.77726,26.0882
32,3399,861,13.5145,3.81533,26.1742
32,3400,859,13.5658,3.8021,26.1676
32,3401,859,13.7206,3.90687,26.2026
32,3402,862,13.5673,3.85499,26.2483
32,3403,857,13.5869,3.87281,26.2147
32,3404,863,13.5353,3.854,26.19
32,3405,878,13.5797,3.88041,26.2323
32,3406,867,13.5363,3.87428,26.2353
32,3407,879,13.4528,3.84983,26.2548
32,3408,875,13.4411,3.85257,26.2286
32,3409,876,13.2135,3.78767,26.274
32,3410,877,12.9954,3.74002,26.2828
32,3411,863,13.2572,3.79954,26.2781
32,3412,858,13.0816,3.71329,26.2238
32,3413,856,13.2383,3.7979,26.2617
32,3414,855,13.3708,3.82573,26.2386
32,3415,849,13.4276,3.80683,26.2803
32,3416,844,13.6339,3.9218,26.3294
32,3417,846,13.4409,3.86643,26.3191
32,3418,840,13.4762,3.8869,26.3595
32,3419,837,13.8495,4.00836,26.325
32,3420,849,13.8351,4.01413,26.3887
32,3421,834,14.0276,4.05276,26.3813
32,3422,840,14.0774,4.05833,26.419
32,3423,847,13.9941,4.07792,26.4085
32,3424,849,13.9458,4.08245,26.4523
32,3425,867,13.8754,4.04729,26.4083
32,3426,853,13.9519,4.06448,26.3986
32,3427,845,13.813,4.0426,26.355
32,3428,849,13.8151,4.04122,26.3251
32,3429,851,13.7485,4.04583,26.3666
32,3430,850,13.7765,4.05765,26.44
32,3431,846,13.6962,4.06383,26.4444
32,3432,851,13.5993,4.04113,26.4136
32,3433,848,13.8172,4.10967,26.3585
32,3434,833,13.994,4.17167,26.2497
32,3435,824,14.2233,4.24272,26.3034
32,3436,829,14.1556,4.20989,26.3426
32,3437,835,14.1497,4.16407,26.3305
32,3438,829,14.0121,4.12666,26.3136
32,3439,822,13.9939,4.11436,26.3528
32,3440,814,14.102,4.17445,26.2727
32,3441,818,13.7848,4.08924,26.3545
32,3442,819,13.6215,3.99023,26.2857
32,3443,826,13.5799,3.96852,26.3027
32,3444,836,13.4773,3.94258,26.3182
32,3445,832,13.2776,3.90865,26.3702
32,3446,817,13.186,3.85679,26.3354
32,3447,829,13.3245,3.89023,26.2847
32,3448,838,13.3401,3.90453,26.2936
32,3449,842,13.3325,3.90855,26.2067
32,3450,843,13.2752,3.89087,26.2254
32,3451,847,13.222,3.8595,26.2267
32,3452,844,13.0581,3.82346,26.2227
32,3453,840,13.1643,3.85476,26.2214
32,3454,836,13.1746,3.86603,26.2464
32,3455,847,13.0791,3.86305,26.281
32,3456,839,13.2026,3.89631,26.2527
32,3457,849,13.0978,3.82921,26.1366
32,3458,854,13.0082,3.77752,26.1311
32,3459,859,13.0792,3.81956,26.163
32,3460,858,12.993,3.75874,26.1562
32,3461,864,13.0486,3.82639,26.2106
32,3462,852,12.6667,3.68192,26.1761
32,3463,851,12.6193,3.66863,26.1739
32,3464,861,12.64,3.67015,26.1905
32,3465,855,12.7661,3.66316,26.1778
32,3466,847,12.4073,3.56434,26.2102
32,3467,843,12.6726,3.59075,26.2064
32,3468,848,12.5672,3.57429,26.2052
32,3469,853,12.6893,3.63189,26.1852
32,3470,848,12.8962,3.69104,26.217
32,3471,859,12.9057,3.68452,26.1863
32,3472,857,12.7993,3.66744,26.189
32,3473,857,12.7818,3.64994,26.2264
32,3474,840,12.7631,3.59881,26.2381
32,3475,829,12.889,3.64415,26.2075
32,3476,839,13.1561,3.74136,26.205
32,3477,832,13.2007,3.76322,26.2452
32,3478,839,13.2133,3.70918,26.2408
32,3479,838,13.0394,3.63365,26.2363
32,3480,839,12.7771,3.5447,26.1883
32,3481,833,12.605,3.51501,26.2233
32,3482,843,12.7841,3.6038,26.242
32,3483,849,12.9776,3.72085,26.2733
32,3484,830,13.1277,3.81566,26.3157
32,3485,829,13.1062,3.76598,26.3595
32,3486,833,13.2113,3.81393,26.3313
32,3487,811,13.1504,3.80271,26.291
32,3488,807,13.3371,3.85874,26.2825
32,3489,797,12.9962,3.73651,26.2434
32,3490,797,13.1468,3.8005,26.3112
32,3491,802,13.0461,3.78055,26.3466
32,3492,803,13.1494,3.77958,26.3387
32,3493,815,12.8479,3.70798,26.373
32,3494,820,13.1268,3.81463,26.3415
32,3495,811,13,3.77312,26.3305
32,3496,820,12.9415,3.75244,26.3488
32,3497,817,12.7613,3.65973,26.328
32,3498,820,12.9146,3.70366,26.2854
32,3499,820,13.0707,3.7439,26.2902
32,3500,811,13.0838,3.80641,26.2195
32,3501,814,13.317,3.91523,26.1941
32,3502,820,13.2805,3.90366,26.1463
32,3503,814,13.5025,3.92998,26.1081
32,3504,809,13.4858,3.92089,26.0964
32,3505,823,13.6002,3.95504,26.1142
32,3506,823,13.3925,3.89672,26.1239
32,3507,826,13.2869,3.87288,26.1574
32,3508,841,13.2402,3.83591,26.126
32,3509,851,13.2444,3.82961,26.1128
32,3510,846,13.156,3.8026,26.0827
32,3511,849,13.1849,3.85277,26.0872
32,3512,852,13.0059,3.80869,26.1737
32,3513,862,13.0418,3.80858,26.1392
32,3514,856,13.1928,3.84579,26.1425
32,3515,859,13.4168,3.92549,26.1932
32,3516,864,13.5961,3.96181,26.1968
32,3517,871,13.3938,3.8806,26.163
32,3518,870,13.4724,3.92299,26.154
32,3519,870,13.454,3.9,26.0966
32,3520,861,13.5075,3.95587,26.1092
32,3521,866,13.2506,3.89145,26.0785
32,3522,877,13.1334,3.77309,26.0525
32,3523,874,13.2632,3.83982,26.1076
32,3524,870,13.1494,3.84023,26.0943
32,3525,863,13.2271,3.84473,26.1251
32,3526,850,13.1235,3.83765,26.1694
32,3527,838,13.3544,3.88783,26.1384
32,3528,857,13.1972,3.85881,26.1424
32,3529,860,13.357,3.8686,26.1558
32,3530,864,13.4005,3.92708,26.1944
32,3531,855,13.4058,3.92749,26.1731
32,3532,855,13.4924,3.99532,26.1801
32,3533,873,13.4788,4.00344,26.1764
32,3534,879,13.3777,3.95677,26.2617
32,3535,873,13.2474,3.91523,26.2841
32,3536,852,13.0986,3.81808,26.3028
32,3537,863,13.1344,3.83546,26.2758
32,3538,873,13.268,3.87973,26.2291
32,3539,878,13.0433,3.80638,26.1913
32,3540,865,12.9191,3.76994,26.2104
32,3541,875,12.7977,3.73371,26.1737
32,3542,886,12.9447,3.80926,26.1761
32,3543,867,12.7036,3.69319,26.143
32,3544,856,12.8107,3.70911,26.1612
32,3545,863,12.7289,3.70684,26.2341
32,3546,857,12.7083,3.69545,26.2264
32,3547,856,12.6776,3.67991,26.2593
32,3548,854,12.8888,3.72951,26.1335
32,3549,861,12.8955,3.74913,26.1603
32,3550,863,12.7926,3.69988,26.0927
32,3551,878,12.7688,3.70046,26.1367
32,3552,871,12.9759,3.75201,26.1217
32,3553,860,12.8686,3.72907,26.1279
32,3554,848,13.0719,3.75472,26.1297
32,3555,840,13.3548,3.81786,26.1214
32,3556,842,13.4513,3.88836,26.0713
32,3557,845,13.5716,3.92189,26.0402
32,3558,852,13.446,3.89202,26.0446
32,3559,856,13.6051,3.98014,26.035
32,3560,848,13.5047,3.96698,26.066
32,3561,842,13.6366,3.95012,26.0855
32,3562,847,13.5844,3.9327,26.0945
32,3563,843,13.5836,3.9312,26.1115
32,3564,857,13.4212,3.90198,26.1587
32,3565,865,13.3168,3.90173,26.1965
32,3566,861,13.5912,3.98955,26.1696
32,3567,870,13.7966,4.05402,26.1425
32,3568,876,13.7934,4.01598,26.1461
32,3569,884,13.5566,3.96041,26.1448
32,3570,876,13.7454,4.03082,26.1187
32,3571,880,13.8466,4.08295,26.1
32,3572,872,13.6766,4.00573,26.078
32,3573,881,13.3348,3.88082,26.0772
32,3574,889,13.3858,3.90664,26.0877
32,3575,871,13.3731,3.89897,26.0964
32,3576,867,13.4083,3.86967,26.1384
32,3577,868,13.4758,3.88594,26.0853
32,3578,869,13.519,3.89528,26.0253
32,3579,866,13.7379,3.93533,26.0046
32,3580,857,13.4784,3.82964,25.9393
32,3581,869,13.3636,3.79171,26
32,3582,864,13.265,3.77083,25.9954
32,3583,855,13.1988,3.71579,26.007
32,3584,861,13.2439,3.75842,26.0116
32,3585,861,13.0894,3.71545,26.0743
32,3586,842,13.4679,3.81235,26.038
32,3587,830,13.2783,3.73976,26.0988
32,3588,839,13.3433,3.7795,26.1216
32,3589,842,13.304,3.74347,26.1116
32,3590,849,13.4499,3.80212,26.106
32,3591,849,13.3722,3.76914,26.1413
32,3592,824,13.3447,3.74272,26.1626
32,3593,842,13.3575,3.75059,26.0855
32,3594,848,13.3502,3.73113,26.0189
32,3595,851,13.4101,3.76381,25.9671
32,3596,847,13.3341,3.72255,25.9953
32,3597,856,13.3995,3.76519,25.9907
32,3598,860,13.3953,3.73953,26.014
32,3599,860,12.957,3.65233,26.0581
32,3600,866,12.7206,3.57159,26.1109
32,3601,866,12.8776,3.67783,26.1778
32,3602,866,13.2194,3.78406,26.1755
32,3603,865,13.341,3.81734,26.178
32,3604,879,13.0125,3.70876,26.2048
32,3605,884,12.9468,3.67986,26.1833
32,3606,870,13.0299,3.7092,26.2115
32,3607,852,12.9847,3.66667,26.2207
32,3608,858,13.19,3.76573,26.2075
32,3609,857,13.0793,3.74329,26.168
32,3610,847,13.3341,3.85714,26.137
32,3611,850,13.3106,3.86118,26.1482
32,3612,852,13.2418,3.83568,26.1103
32,3613,836,13.2273,3.811,26.1124
32,3614,828,13.1993,3.82005,26.1377
32,3615,819,13.2674,3.83516,26.127
32,3616,822,13.247,3.84915,26.146
32,3617,801,13.2934,3.87516,26.1199
32,3618,804,13.2811,3.83706,26.1318
32,3619,798,13.3709,3.81328,26.0627
32,3620,806,13.3871,3.82134,26.0298
32,3621,824,13.2002,3.7767,26.0752
32,3622,828,13.3164,3.83092,26.0942
32,3623,830,13.3,3.82771,26.1277
32,3624,823,13.3609,3.89915,26.1798
32,3625,815,13.3301,3.88466,26.1497
32,3626,814,13.301,3.87838,26.1302
32,3627,807,13.1214,3.8166,26.0768
32,3628,814,12.9545,3.77027,26.0467
32,3629,813,12.9041,3.72325,26.0935
32,3630,805,13.0807,3.79752,26.1093
32,3631,796,13.1206,3.7902,26.0503
32,3632,802,13.3329,3.87781,26.0898
32,3633,803,13.2677,3.87298,26.1121
32,3634,805,13.1901,3.84224,26.0348
32,3635,805,13.1839,3.82981,26.0422
32,3636,803,13.3973,3.88543,26.0548
32,3637,811,13.434,3.90136,26.0345
32,3638,822,13.3139,3.87226,26.0365
32,3639,828,13.2114,3.8285,26.0942
32,3640,821,13.4361,3.88794,26.0706
32,3641,827,13.4317,3.88875,26.0193
32,3642,827,13.5429,3.94196,26.058
32,3643,832,13.6034,3.98197,26.0986
32,3644,829,13.76,4.01206,26.1255
32,3645,841,13.4447,3.89417,26.1427
32,3646,840,13.4143,3.88571,26.0643
32,3647,853,13.3212,3.89683,26.0797
32,3648,852,13.3662,3.90258,26.1103
32,3649,843,13.274,3.85053,26.1115
32,3650,845,13.2154,3.84142,26.0639
32,3651,845,13.168,3.81065,26.1018
32,3652,839,13.2503,3.80453,26.0286
32,3653,845,13.2757,3.82249,26.0663
32,3654,833,13.2149,3.77791,26.0384
32,3655,826,13.1719,3.7385,25.9685
32,3656,816,13.0907,3.70466,25.9804
32,3657,821,13.2619,3.73569,25.9635
32,3658,825,13.2036,3.64727,25.9273
32,3659,811,13.3083,3.68557,25.857
32,3660,817,13.2962,3.6989,25.9168
32,3661,814,13.4042,3.74816,25.9386
32,3662,817,13.2717,3.68543,25.9266
32,3663,820,13.3707,3.69146,25.9098
32,3664,829,13.2883,3.67913,25.9638
32,3665,833,13.2485,3.69388,25.9544
32,3666,838,13.0012,3.64081,25.9141
32,3667,840,12.9667,3.63571,25.919
32,3668,840,12.9393,3.60952,25.8857
32,3669,831,12.8014,3.58363,25.8748
32,3670,838,12.7506,3.5895,25.8783
32,3671,846,12.6879,3.57447,25.9385
32,3672,844,12.6469,3.57583,25.9147
32,3673,845,12.7645,3.63432,25.9929
32,3674,853,12.9414,3.71395,26.0117
32,3675,855,12.9778,3.74269,26.0374
32,3676,857,13.014,3.75846,26.0327
32,3677,846,13.0059,3.70922,26.0165
32,3678,844,13.1659,3.74171,26.0261
32,3679,839,13.354,3.75566,25.9738
32,3680,845,13.432,3.81183,26.0142
32,3681,847,13.7721,3.91145,25.9882
32,3682,851,13.6886,3.92009,25.9483
32,3683,864,13.8206,3.9838,25.9444
32,3684,864,13.6806,3.95255,25.9306
32,3685,867,13.6332,3.93656,25.9146
32,3686,867,13.5779,3.95502,25.94
32,3687,861,13.5668,3.96748,25.9326
32,3688,864,13.7118,4.02778,25.9236
32,3689,867,13.7624,4.05652,25.9308
32,3690,870,13.792,4.06667,26.0092
32,3691,873,13.6357,4.0126,26.0573
32,3692,872,13.5424,3.97936,26.0275
32,3693,870,13.7069,4.04023,25.9724
32,3694,850,13.3282,3.89882,26.0353
32,3695,844,13.545,3.95379,25.9976
32,3696,838,13.5334,3.92482,25.8998
32,3697,839,13.6329,3.94517,25.8665
32,3698,821,13.8709,3.99635,25.8441
32,3699,818,13.7861,3.93888,25.7922
32,3700,828,13.7331,3.93116,25.7415
32,3701,828,13.4191,3.83213,25.7198
32,3702,821,13.6297,3.89403,25.7467
32,3703,831,13.4248,3.81227,25.769
32,3704,824,13.6007,3.86165,25.767
32,3705,817,13.2889,3.76499,25.7895
32,3706,812,13.5209,3.83128,25.8498
32,3707,823,13.644,3.89307,25.9198
32,3708,815,13.735,3.92883,25.9975
32,3709,805,13.7168,3.89193,26.0075
32,3710,810,13.5877,3.82593,25.9556
32,3711,811,13.3909,3.73983,26.0518
32,3712,815,13.3374,3.75215,26.0883
32,3713,814,13.4386,3.81572,26.14
32,3714,821,13.3898,3.81851,26.1413
32,3715,820,13.3598,3.79268,26.1829
32,3716,808,13.2785,3.76361,26.1757
32,3717,803,13.3861,3.7746,26.2067
32,3718,806,13.5782,3.87593,26.1538
32,3719,797,13.9925,3.99247,26.1405
32,3720,792,13.9684,3.99369,26.1288
32,3721,805,13.8224,3.98261,26.2062
32,3722,800,13.4863,3.92,26.2975
32,3723,792,13.4596,3.88636,26.3005
32,3724,785,13.6446,3.92484,26.3261
32,3725,794,13.5453,3.92443,26.335
32,3726,814,13.3636,3.87961,26.3538
32,3727,826,13.109,3.80872,26.3923
32,3728,830,12.7602,3.70723,26.4289
32,3729,824,12.8447,3.7415,26.3762
32,3730,830,12.9494,3.76386,26.3735
32,3731,840,12.8048,3.75357,26.4524
32,3732,841,12.8216,3.73603,26.4637
32,3733,841,12.9631,3.80737,26.4471
32,3734,846,13.0556,3.84515,26.5012
32,3735,854,12.8642,3.79157,26.5129
32,3736,837,12.6977,3.71804,26.5066
32,3737,841,12.7218,3.69322,26.5018
32,3738,833,13.1669,3.84994,26.4826
32,3739,842,13.2767,3.92993,26.5273
32,3740,843,13.3998,3.9739,26.4769
32,3741,852,13.5986,4.01995,26.5188
32,3742,845,13.7231,4.00947,26.4781
32,3743,852,13.5998,4.00587,26.4413
32,3744,845,13.6036,3.9858,26.3385
32,3745,852,13.7359,4.03638,26.3263
32,3746,851,13.6992,4.06345,26.3572
32,3747,844,13.7998,4.05569,26.3744
32,3748,843,13.8327,4.09371,26.4698
32,3749,852,13.6185,4.00822,26.4038
32,3750,849,13.6254,4.01885,26.2968
32,3751,849,13.4994,3.98822,26.3133
32,3752,846,13.6655,4.05674,26.3381
32,3753,844,13.5877,4.03081,26.2559
32,3754,833,13.587,4.0084,26.2473
32,3755,850,13.5341,4.02353,26.2871
32,3756,829,13.4294,4.03136,26.2847
32,3757,835,13.4036,4.01437,26.2251
32,3758,831,13.4332,4.01564,26.2623
32,3759,828,13.3684,3.93116,26.2077
32,3760,828,13.4336,3.92995,26.2126
32,3761,821,13.2473,3.88429,26.1851
32,3762,823,13.3985,3.96112,26.2382
32,3763,829,13.456,4.02774,26.2774
32,3764,839,13.565,4.05125,26.2598
32,3765,852,13.5716,4.05399,26.2324
32,3766,854,13.3185,3.96253,26.2623
32,3767,846,13.26,3.89835,26.2317
32,3768,834,13.2422,3.83573,26.1463
32,3769,840,13.3048,3.83571,26.1548
32,3770,836,13.2859,3.82416,26.0574
32,3771,836,13.4246,3.8744,26.0981
32,3772,834,13.4137,3.86211,26.1007
32,3773,853,13.3107,3.81477,26.0328
32,3774,850,13.0576,3.71647,26.0541
32,3775,836,13.2105,3.75,26.0646
32,3776,842,13.2268,3.76366,26.0404
32,3777,846,13.0709,3.70449,26.1064
32,3778,844,12.7654,3.58294,26.1161
32,3779,848,13.0083,3.72759,26.0495
32,3780,839,13.2014,3.79976,26.0787
32,3781,837,13.2521,3.77539,26.1147
32,3782,837,13.1147,3.67861,26.1123
32,3783,836,12.9414,3.63876,26.1029
32,3784,821,13.1486,3.71011,26.0926
32,3785,820,13.0122,3.69634,26.0927
32,3786,817,13.2338,3.76132,26
32,3787,824,13.3835,3.80461,26.1092
32,3788,830,13.3373,3.81084,26.0867
32,3789,832,13.369,3.82212,26.1082
32,3790,837,13.4301,3.83751,26.1481
32,3791,840,13.4667,3.86667,26.15
32,3792,832,13.2909,3.77404,26.101
32,3793,842,13.1508,3.69952,26.076
32,3794,841,13.1451,3.68252,26.0832
32,3795,838,13.0632,3.68735,26.074
32,3796,840,12.9726,3.68929,26.131
32,3797,848,12.888,3.68632,26.1439
32,3798,848,13.0578,3.71816,26.092
32,3799,849,13.0283,3.73027,26.0754
32,3800,838,13.2005,3.78759,26.0907
32,3801,839,13.2777,3.82122,26.0477
32,3802,844,13.0059,3.6718,26.0332
32,3803,844,13.0178,3.67773,26.0308
32,3804,856,13.0292,3.68925,26.0093
32,3805,856,13.0514,3.73598,26.007
32,3806,850,13.0882,3.71176,25.9976
32,3807,857,12.7911,3.63011,25.993
32,3808,847,12.8394,3.63636,26.0047
32,3809,834,12.6391,3.52998,25.9305
32,3810,822,12.5791,3.44891,25.9148
32,3811,829,12.6357,3.51025,25.9542
32,3812,828,12.8961,3.5785,25.9831
32,3813,832,12.7236,3.48197,25.9543
32,3814,844,12.7773,3.52133,25.9858
32,3815,846,12.7352,3.51773,25.9527
32,3816,847,12.6281,3.51004,25.889
32,3817,847,12.5348,3.47698,25.9599
32,3818,837,12.5986,3.53524,25.9546
32,3819,831,12.6751,3.57521,25.9085
32,3820,843,12.7141,3.60854,25.9122
32,3821,839,12.6579,3.57092,25.8832
32,3822,843,12.7485,3.60024,25.8671
32,3823,849,12.8316,3.60306,25.9246
32,3824,844,12.9692,3.59479,25.9028
32,3825,838,13.0704,3.61814,25.9021
32,3826,842,13.3468,3.69715,25.8789
32,3827,844,13.372,3.68009,25.8412
32,3828,860,13.343,3.71047,25.8488
32,3829,868,13.3364,3.72581,25.8018
32,3830,874,13.3787,3.71281,25.8421
32,3831,877,13.3204,3.69669,25.797
32,3832,876,13.3242,3.69863,25.7671
32,3833,874,13.3822,3.70481,25.8078
32,3834,882,13.0692,3.63946,25.7868
32,3835,876,12.9772,3.61644,25.7511
32,3836,872,13.0917,3.67431,25.7798
32,3837,866,12.8118,3.59007,25.8337
32,3838,871,12.9082,3.61998,25.837
32,3839,871,13.1206,3.71527,25.8301
32,3840,872,12.7443,3.56651,25.75
32,3841,891,12.8305,3.60718,25.7531
32,3842,888,12.866,3.61486,25.714
32,3843,894,12.7919,3.57494,25.6935
32,3844,889,12.6794,3.54218,25.6873
32,3845,882,12.822,3.61224,25.678
32,3846,871,12.8542,3.62916,25.6165
32,3847,876,13.1244,3.69064,25.6347
32,3848,883,13.2106,3.71914,25.6512
32,3849,884,12.9536,3.57805,25.7014
32,3850,898,12.7595,3.53898,25.735
32,3851,889,13.0405,3.64342,25.73
32,3852,888,13.1723,3.68243,25.723
32,3853,881,13.244,3.67196,25.7457
32,3854,892,13.0213,3.58072,25.7422
32,3855,899,13.2781,3.67631,25.7798
32,3856,885,13.1571,3.67458,25.8102
32,3857,876,13.2808,3.70091,25.7626
32,3858,870,13.0977,3.64138,25.7172
32,3859,851,13.1398,3.63925,25.7697
32,3860,847,13.17,3.63046,25.778
32,3861,867,13.1326,3.6263,25.8178
32,3862,862,13.0197,3.56381,25.7796
32,3863,867,12.9296,3.57555,25.7855
32,3864,869,12.702,3.50633,25.8366
32,3865,878,12.8292,3.5615,25.8929
32,3866,881,12.8218,3.60726,25.9909
32,3867,880,12.7864,3.54773,26.025
32,3868,873,12.9313,3.56586,25.9908
32,3869,887,12.9651,3.59526,26.018
32,3870,883,12.9185,3.53341,25.9773
32,3871,889,12.9595,3.53656,26.0382
32,3872,893,13.1769,3.59462,26.0448
32,3873,890,12.9798,3.50899,26.0944
32,3874,897,13.1427,3.58863,26.058
32,3875,893,13.1825,3.6495,26.0448
32,3876,870,13.1644,3.59655,26.0391
32,3877,854,13.0351,3.56206,25.9906
32,3878,858,13.1562,3.61072,25.965
32,3879,855,13.2538,3.63275,26
32,3880,862,13.464,3.72042,25.9791
32,3881,865,13.6,3.7711,25.9931
32,3882,861,13.7596,3.84901,25.9652
32,3883,863,13.6837,3.80765,25.956
32,3884,853,13.7948,3.84994,25.8968
32,3885,858,13.8893,3.88811,25.9394
32,3886,860,13.7721,3.83605,25.9256
32,3887,866,13.9746,3.92263,25.9977
32,3888,865,13.8555,3.87514,25.9977
32,3889,865,13.9225,3.93064,25.9815
32,3890,854,13.6944,3.86183,26.007
32,3891,853,13.4642,3.7925,26.0094
32,3892,858,13.3147,3.75991,25.9464
32,3893,855,13.5029,3.81871,25.9673
32,3894,856,13.4451,3.80023,25.986
32,3895,840,13.3702,3.775,25.9071
32,3896,834,13.2038,3.68345,25.9472
32,3897,825,13.463,3.74545,25.903
32,3898,838,13.2804,3.71718,25.9165
32,3899,841,13.1272,3.65517,25.8549
32,3900,842,13.4121,3.76841,25.829
32,3901,831,13.1961,3.66907,25.8387
32,3902,826,13.0932,3.61622,25.7918
32,3903,835,13.1234,3.61437,25.806
32,3904,843,13.4662,3.72598,25.8671
32,3905,840,13.4905,3.75,25.85
32,3906,847,13.5431,3.74262,25.863
32,3907,862,13.2784,3.63573,25.877
32,3908,857,13.3139,3.62777,25.8926
32,3909,868,13.2995,3.61175,25.894
32,3910,866,12.9273,3.49769,25.9353
32,3911,858,12.8124,3.4662,25.979
32,3912,864,13.1308,3.56713,25.9144
32,3913,870,12.9793,3.48276,25.9724
32,3914,871,12.8944,3.46383,25.9701
32,3915,883,12.7882,3.44507,25.957
32,3916,875,12.8503,3.41714,25.8674
32,3917,879,13.1251,3.48237,25.7907
32,3918,880,13.0534,3.42386,25.7477
32,3919,880,13.0386,3.44432,25.7773
32,3920,879,12.9681,3.41297,25.7929
32,3921,867,13.0334,3.45559,25.8108
32,3922,865,13.1711,3.49595,25.7665
32,3923,876,13.266,3.55023,25.7831
32,3924,879,13.1172,3.52901,25.7929
32,3925,855,13.3205,3.59649,25.8363
32,3926,859,13.1327,3.539,25.8533
32,3927,866,13.0797,3.57275,25.8891
32,3928,875,12.888,3.52914,25.8949
32,3929,868,13.0403,3.53802,25.8687
32,3930,868,13.0541,3.50115,25.8802
32,3931,877,12.9453,3.47434,25.8655
32,3932,879,13.2173,3.54721,25.8658
32,3933,869,13.3061,3.60875,25.9079
32,3934,868,13.3871,3.65092,25.8871
32,3935,862,13.0998,3.51392,25.9397
32,3936,867,13.1961,3.56978,25.9239
32,3937,850,13.0553,3.47882,25.8871
32,3938,847,13.196,3.50767,25.8347
32,3939,835,13.2659,3.51497,25.8515
32,3940,837,13.3919,3.57228,25.8519
32,3941,844,13.2962,3.55687,25.8744
32,3942,865,12.9156,3.46358,25.8867
32,3943,876,12.8425,3.44977,25.8721
32,3944,893,12.6708,3.4009,25.8858
32,3945,891,12.6857,3.38945,25.8788
32,3946,894,12.7125,3.43289,25.8501
32,3947,900,12.7622,3.45889,25.8333
32,3948,900,12.8289,3.44,25.8467
32,3949,903,12.8837,3.4928,25.8538
32,3950,903,13.1395,3.5969,25.825
32,3951,890,13.1303,3.55393,25.8157
32,3952,902,13.2306,3.60089,25.7938
32,3953,905,13.1713,3.57459,25.8144
32,3954,885,13.2429,3.60113,25.7853
32,3955,895,13.2592,3.62905,25.7966
32,3956,901,13.3219,3.67481,25.798
32,3957,895,13.2257,3.62123,25.7765
32,3958,894,13.3378,3.65436,25.8434
32,3959,902,13.4191,3.64634,25.8803
32,3960,916,13.1889,3.56659,25.9061
32,3961,915,13.5169,3.67541,25.9038
32,3962,913,13.4458,3.69441,25.9102
32,3963,924,13.2381,3.61797,25.8788
32,3964,940,13.35,3.66489,25.9128
32,3965,941,13.2412,3.62593,25.8959
32,3966,941,13.1031,3.61743,25.9256
32,3967,925,13.1514,3.64432,25.9676
32,3968,924,13.4199,3.71429,25.961
32,3969,928,13.361,3.71121,25.9569
32,3970,911,13.2173,3.64654,25.9561
32,3971,907,13.1896,3.6075,25.9757
32,3972,907,13.1985,3.61742,25.9361
32,3973,918,12.9815,3.54357,25.8867
32,3974,916,12.9247,3.50109,25.8297
32,3975,913,12.8916,3.4644,25.7875
32,3976,922,12.9349,3.47072,25.7636
32,3977,921,12.9294,3.42671,25.7698
32,3978,927,13.1219,3.50378,25.8015
32,3979,940,12.9883,3.50532,25.8404
32,3980,935,13.1497,3.56898,25.8695
32,3981,957,12.8213,3.48589,25.9101
32,3982,951,12.7403,3.47424,25.9075
32,3983,946,12.7093,3.47886,25.9027
32,3984,943,12.8271,3.52916,25.9152
32,3985,953,12.8006,3.49528,25.9307
32,3986,968,12.656,3.42252,25.8678
32,3987,959,12.5673,3.37956,25.8728
32,3988,951,12.7203,3.4511,25.897
32,3989,967,12.6784,3.41572,25.9131
32,3990,965,12.8611,3.48083,25.8964
32,3991,949,13.0274,3.5079,25.8988
32,3992,941,13.0776,3.51541,25.9447
32,3993,930,13.2441,3.57527,25.9183
32,3994,910,13.189,3.54725,25.8835
32,3995,913,13.3067,3.57941,25.8729
32,3996,914,13.1236,3.56018,25.9387
32,3997,913,13.0723,3.54655,25.9124
32,3998,898,13.1392,3.59911,25.971
32,3999,902,13.1153,3.60421,26.0067
32,4000,898,13.0624,3.59688,26.0579
32,4001,904,12.906,3.5719,26.073
32,4002,893,12.8903,3.57447,26.0717
32,4003,895,12.7162,3.48715,25.9687
32,4004,903,12.7984,3.52602,26.0044
32,4005,895,12.8056,3.49385,26.0626
32,4006,884,12.7783,3.45475,26.0452
32,4007,868,12.6336,3.39516,26.0184
32,4008,869,12.5086,3.31761,26.0138
32,4009,871,12.5626,3.3341,25.9885
32,4010,890,12.6404,3.37416,26.0022
32,4011,910,12.7099,3.41099,26.0154
32,4012,897,12.7514,3.42252,25.9777
32,4013,895,12.7218,3.42905,25.9218
32,4014,886,12.6986,3.40971,25.912
32,4015,888,12.6565,3.39077,25.9279
32,4016,878,12.9305,3.50797,25.9499
32,4017,869,13.0242,3.51554,25.9471
32,4018,868,12.7627,3.43779,25.9724
32,4019,873,12.811,3.48683,26.0092
32,4020,859,12.9162,3.45634,26.0023
32,4021,865,12.9746,3.48439,26.0509
32,4022,859,13.1723,3.5518,26.0838
32,4023,870,13.1931,3.56667,26.131
32,4024,863,13.3708,3.61877,26.1251
32,4025,873,13.4536,3.70332,26.1123
32,4026,874,13.397,3.68192,26.1121
32,4027,885,13.3808,3.71299,26.0723
32,4028,897,13.3456,3.69119,26.0691
32,4029,907,13.129,3.66373,26.1301
32,4030,916,12.9181,3.62882,26.0677
32,4031,913,12.8488,3.61884,26.0635
32,4032,905,12.7923,3.58232,26.0663
32,4033,917,12.7252,3.53108,26.0567
32,4034,929,12.7072,3.49516,26.0388
32,4035,921,12.5451,3.47883,26.0456
32,4036,927,12.6872,3.52211,26.0971
32,4037,928,12.6379,3.51293,26.0905
32,4038,929,12.7793,3.52745,26.0775
32,4039,918,12.9216,3.5719,26.1176
32,4040,922,12.8004,3.56833,26.0911
32,4041,910,12.8945,3.60989,26.0835
32,4042,910,12.8516,3.56374,26.0615
32,4043,907,12.9372,3.61191,26.0772
32,4044,905,13.0011,3.61105,26.0376
32,4045,893,13.28,3.68421,26
32,4046,913,12.9398,3.55093,26.0285
32,4047,905,13.2486,3.64309,25.9801
32,4048,916,13.1823,3.62991,25.9956
32,4049,921,13.0727,3.60912,26.0065
32,4050,912,13.0822,3.65022,26.0351
32,4051,901,12.8768,3.54273,26.0622
32,4052,868,12.9297,3.56221,26.0691
32,4053,879,13.1752,3.66667,26.1024
32,4054,897,13.0156,3.62988,26.1048
32,4055,907,13.0684,3.6086,26.0772
32,4056,907,13.14,3.63727,26.1147
32,4057,917,12.8462,3.54089,26.1483
32,4058,915,12.7596,3.51257,26.1508
32,4059,906,12.8002,3.51214,26.128
32,4060,911,12.8134,3.46652,26.1186
32,4061,910,12.7209,3.46484,26.1319
32,4062,903,12.7907,3.43854,26.062
32,4063,909,12.6502,3.40154,26.0264
32,4064,900,12.8322,3.50333,26.0022
32,4065,903,12.8261,3.52713,25.9845
32,4066,907,12.9206,3.58545,26
32,4067,901,13.0444,3.61709,26.0289
32,4068,905,13.0011,3.60221,26.0641
32,4069,908,13.0551,3.62555,26.0551
32,4070,899,12.9811,3.61513,26.0423
32,4071,905,12.7403,3.56575,26.011
32,4072,900,12.6722,3.54,26.06
32,4073,904,12.5996,3.54535,26.0111
32,4074,895,12.5196,3.50503,25.9374
32,4075,898,12.6314,3.54232,25.9978
32,4076,879,12.7577,3.56086,25.9818
32,4077,874,12.8467,3.58924,25.9771
32,4078,875,13.1211,3.66057,26.0229
32,4079,880,13.117,3.65341,26.0205
32,4080,891,13.1818,3.70483,26.0629
32,4081,873,13.0011,3.6575,26.0137
32,4082,878,13.1378,3.71185,26.0387
32,4083,867,13.2872,3.70934,25.9885
32,4084,865,13.2197,3.65549,25.9815
32,4085,859,13.1036,3.59721,25.9721
32,4086,877,13.0764,3.59863,25.9681
32,4087,857,13.3851,3.70478,25.9347
32,4088,861,13.3542,3.71196,25.9489
32,4089,869,13.2371,3.6893,26.0345
32,4090,866,13.2032,3.6963,26.0254
32,4091,858,12.9953,3.58042,26.0839
32,4092,854,13.0422,3.60656,26.1546
32,4093,855,12.938,3.61053,26.1216
32,4094,845,13.1515,3.68876,26.1254
32,4095,835,13.3365,3.72695,26.091
32,4096,835,13.2096,3.68024,26.0431
32,4097,839,13.1573,3.7056,26.0691
32,4098,838,12.7494,3.55489,26.0979
32,4099,851,12.832,3.60752,26.1481
32,4100,855,12.9146,3.61988,26.138
32,4101,862,12.9872,3.68794,26.1323
32,4102,861,12.9617,3.70616,26.1951
32,4103,860,12.743,3.60465,26.2256
32,4104,874,12.7563,3.61098,26.2769
32,4105,877,12.7423,3.58951,26.3079
32,4106,878,12.9487,3.65945,26.2437
32,4107,889,12.7773,3.62542,26.2722
32,4108,870,12.9402,3.70115,26.2391
32,4109,863,12.9189,3.70336,26.2109
32,4110,866,12.8453,3.65704,26.254
32,4111,860,13,3.68488,26.2395
32,4112,849,13.1331,3.7338,26.2473
32,4113,843,13.3155,3.8019,26.2989
32,4114,850,13.1694,3.73765,26.3129
32,4115,849,13.1366,3.69376,26.2426
32,4116,855,13.0713,3.72398,26.2807
32,4117,848,13.0873,3.75,26.2642
32,4118,858,13.1608,3.79254,26.2727
32,4119,848,13.2783,3.85377,26.316
32,4120,847,13.464,3.91499,26.3022
32,4121,847,13.3896,3.87249,26.3447
32,4122,841,13.2414,3.87872,26.3924
32,4123,844,13.2216,3.87559,26.3578
32,4124,850,13.0894,3.85294,26.3624
32,4125,847,13.0649,3.80283,26.3164
32,4126,845,13.2746,3.8284,26.2627
32,4127,844,13.1528,3.79502,26.2204
32,4128,837,13.1565,3.79092,26.2198
32,4129,838,13.2124,3.81862,26.2601
32,4130,836,13.0598,3.75957,26.244
32,4131,817,13.2938,3.83231,26.186
32,4132,827,13.2745,3.82225,26.2588
32,4133,830,13.2446,3.79518,26.2843
32,4134,814,13.2531,3.76781,26.2334
32,4135,806,13.1092,3.72829,26.2233
32,4136,809,13.2905,3.75402,26.2077
32,4137,801,13.3608,3.78901,26.2022
32,4138,808,13.1386,3.74134,26.2054
32,4139,800,13.1025,3.67375,26.145
32,4140,802,12.8628,3.58603,26.1347
32,4141,814,12.8231,3.57002,26.1081
32,4142,818,12.8667,3.5978,26.1198
32,4143,822,12.8017,3.56448,26.09
32,4144,830,12.7928,3.59759,26.1012
32,4145,835,12.9856,3.64671,26.1557
32,4146,845,12.8426,3.60947,26.1609
32,4147,847,13.0472,3.67887,26.1865
32,4148,855,13.0094,3.69591,26.2316
32,4149,854,13.2319,3.78689,26.2037
32,4150,859,13.4179,3.86845,26.1793
32,4151,859,13.4086,3.88941,26.2119
32,4152,875,13.4491,3.85486,26.2149
32,4153,873,13.394,3.86369,26.2612
32,4154,874,13.6636,3.98627,26.222
32,4155,874,13.7986,4.01831,26.1945
32,4156,863,13.7694,4.02086,26.2086
32,4157,869,13.6962,4.03682,26.214
32,4158,854,13.4379,3.98126,26.2272
32,4159,846,13.3652,3.95035,26.2506
32,4160,844,13.1825,3.8981,26.2512
32,4161,849,13.1413,3.90342,26.2026
32,4162,833,13.2053,3.90276,26.1417
32,4163,848,13.2241,3.92925,26.1203
32,4164,853,13.0961,3.86987,26.1923
32,4165,859,13.1769,3.87194,26.2212
32,4166,858,12.993,3.74592,26.1818
32,4167,855,13.1579,3.79766,26.1661
32,4168,872,13.2615,3.87615,26.1743
32,4169,886,13.1953,3.87133,26.1851
32,4170,875,13.1577,3.88114,26.1509
32,4171,862,13.1949,3.85267,26.109
32,4172,868,13.1774,3.86866,26.0991
32,4173,863,13.3615,3.92584,26.0672
32,4174,867,13.4106,3.9331,26.0877
32,4175,866,13.3626,3.88337,26.0577
32,4176,849,13.4111,3.84923,25.9482
32,4177,850,13.6906,3.92118,25.9506
32,4178,844,13.7879,3.96445,26.0284
32,4179,854,13.7108,3.94848,26.007
32,4180,837,13.8435,3.97372,26.0478
32,4181,837,13.945,4.03704,26.0335
32,4182,842,13.6722,3.92399,26.0523
32,4183,841,13.6207,3.88823,26.0333
32,4184,844,13.4147,3.8282,26.045
32,4185,843,13.4816,3.87544,26.0688
32,4186,838,13.6169,3.91169,26.0597
32,4187,842,13.6259,3.94893,26.1211
32,4188,834,13.5204,3.91847,26.0791
32,4189,827,13.3591,3.88634,26.1258
32,4190,822,13.4197,3.89659,26.1363
32,4191,835,13.3689,3.9018,26.1246
32,4192,834,13.4281,3.91847,26.0408
32,4193,837,13.6069,4.01314,26.055
32,4194,827,13.6372,4.02056,26.0484
32,4195,837,13.7312,4.0454,26.0382
32,4196,841,13.5054,3.95838,26.0785
32,4197,852,13.4237,3.95423,26.0728
32,4198,856,13.5619,4.00935,26.0935
32,4199,840,13.8452,4.08095,26.0619
32,4200,832,13.6298,4.01683,26.0505
32,4201,833,13.6447,4.02641,26.0624
32,4202,841,13.5755,3.98098,26.0262
32,4203,824,13.5789,3.92961,25.9709
32,4204,829,13.5235,3.89385,26.0386
32,4205,817,13.2607,3.79927,25.951
32,4206,808,13.4208,3.88366,25.9158
32,4207,796,13.4585,3.89196,25.9171
32,4208,790,13.6051,3.93671,25.9165
32,4209,800,13.6687,3.99125,25.955
32,4210,801,13.7728,4.00749,26
32,4211,802,14.0349,4.09726,26.0748
32,4212,802,13.8055,4.0212,26.0848
32,4213,805,13.4733,3.93789,26.077
32,4214,805,13.4783,3.92795,26.0894
32,4215,807,13.632,3.97646,26.0743
32,4216,805,13.6584,3.99876,26.1516
32,4217,804,13.7537,4.02363,26.1418
32,4218,818,13.8949,4.08557,26.1614
32,4219,820,13.7244,4.07073,26.2488
32,4220,834,13.3909,3.96043,26.2398
32,4221,849,13.4853,3.98704,26.1861
32,4222,852,13.473,3.98709,26.2019
32,4223,842,13.367,3.94656,26.2328
32,4224,843,13.3737,3.9739,26.2135
32,4225,837,13.497,3.98686,26.2198
32,4226,827,13.4111,3.96614,26.2201
32,4227,827,13.5417,4.00726,26.208
32,4228,822,13.5328,3.99148,26.1873
32,4229,828,13.5254,4.01449,26.2319
32,4230,838,13.2422,3.92959,26.2339
32,4231,837,13.3835,3.96535,26.2413
32,4232,821,13.3009,3.90134,26.1851
32,4233,823,13.1288,3.88943,26.2284
32,4234,827,13.0568,3.8549,26.2152
32,4235,829,13.3993,3.97105,26.193
32,4236,827,13.1886,3.90085,26.1814
32,4237,833,13.2377,3.93157,26.2137
32,4238,843,13.2918,3.92527,26.204
32,4239,842,13.0903,3.87411,26.247
32,4240,835,13.3234,3.94012,26.1198
32,4241,820,13.3622,3.90122,26.0561
32,4242,824,13.3119,3.91626,26.0461
32,4243,827,13.3531,3.93591,26.0871
32,4244,818,13.2775,3.90831,26.044
32,4245,824,13.3131,3.96481,26.1553
32,4246,825,13.6776,4.06303,26.16
32,4247,819,13.7692,4.08303,26.2173
32,4248,825,13.6158,4.06182,26.223
32,4249,824,13.574,4.08252,26.2791
32,4250,830,13.3928,4.02048,26.3181
32,4251,825,13.4036,3.98909,26.3806
32,4252,813,13.3961,3.97294,26.369
32,4253,808,13.4072,3.9604,26.3738
32,4254,799,13.4343,3.98874,26.4255
32,4255,788,13.632,4.05838,26.3706
32,4256,784,13.6161,4.06378,26.3367
32,4257,800,13.395,4.0175,26.3475
32,4258,805,13.487,4.02981,26.323
32,4259,807,13.5737,4.05948,26.3271
32,4260,813,13.4022,4.01353,26.3247
32,4261,817,13.4027,3.98654,26.3476
32,4262,806,13.3412,3.94541,26.397
32,4263,808,13.63,4.03094,26.3738
32,4264,802,13.5337,3.9788,26.3441
32,4265,810,13.342,3.92346,26.3827
32,4266,795,13.4088,3.93082,26.395
32,4267,794,13.3627,3.91058,26.4836
32,4268,788,13.6282,4.01269,26.4569
32,4269,795,13.6176,4.03774,26.4956
32,4270,796,13.6118,4.05905,26.5653
32,4271,804,13.5348,4.05224,26.5672
32,4272,813,13.3665,3.97048,26.5363
32,4273,828,13.3056,3.9843,26.5
32,4274,817,13.5459,4.08568,26.4676
32,4275,824,13.6383,4.07524,26.4369
32,4276,832,13.5156,4.03606,26.4375
32,4277,829,13.5862,4.04825,26.4608
32,4278,839,13.3278,3.94517,26.4911
32,4279,823,13.2576,3.87606,26.4642
32,4280,827,13.2612,3.87787,26.503
32,4281,842,13.1437,3.8658,26.5178
32,4282,841,13.2771,3.92628,26.5161
32,4283,839,13.3731,3.94398,26.553
32,4284,852,13.358,3.97653,26.5798
32,4285,842,13.4964,4.02019,26.6176
32,4286,823,13.4046,3.92588,26.5687
32,4287,823,13.4204,3.95261,26.5516
32,4288,820,13.2866,3.8939,26.6
32,4289,814,13.4263,3.92875,26.602
32,4290,828,13.3949,3.93478,26.628
32,4291,831,13.5271,3.98075,26.6089
32,4292,837,13.3226,3.85424,26.595
32,4293,841,13.2568,3.81807,26.5922
32,4294,844,13.2133,3.81161,26.654
32,4295,840,13.356,3.83333,26.6071
32,4296,850,13.3871,3.86,26.6212
32,4297,854,13.2693,3.84192,26.6019
32,4298,853,13.3447,3.88277,26.5791
32,4299,846,13.5461,3.94799,26.6028
32,4300,837,13.3692,3.8853,26.6189
32,4301,842,13.3682,3.91449,26.6057
32,4302,843,13.089,3.81732,26.6548
32,4303,856,13.3575,3.90537,26.6589
32,4304,864,13.162,3.8588,26.6343
32,4305,861,13.2822,3.89199,26.7038
32,4306,867,13.316,3.93541,26.7243
32,4307,865,13.3988,3.9815,26.7168
32,4308,853,13.2732,3.92028,26.7198
32,4309,846,13.2494,3.90426,26.7589
32,4310,838,13.0107,3.80191,26.7995
32,4311,842,12.9976,3.82185,26.8456
32,4312,835,12.9281,3.77485,26.9126
32,4313,839,13.0703,3.82718,26.9321
32,4314,824,13.1383,3.7949,26.9053
32,4315,822,13.32,3.8601,26.9173
32,4316,813,13.0836,3.75523,26.893
32,4317,816,13.185,3.79902,26.9289
32,4318,804,13.3545,3.82836,26.9104
32,4319,813,13.4613,3.87208,26.9865
32,4320,820,13.272,3.83415,27.022
32,4321,816,13.299,3.84559,26.9902
32,4322,831,13.4031,3.90734,27.0084
32,4323,834,13.2734,3.90168,27.0935
32,4324,832,13.3137,3.91707,27.0841
32,4325,822,13.2141,3.89051,27.1071
32,4326,825,13.1442,3.90545,27.0448
32,4327,835,13.2383,4.0012,27.0683
32,4328,841,13.0404,3.97503,27.0535
32,4329,845,12.7834,3.90533,27.0485
32,4330,847,12.6529,3.84416,26.987
32,4331,849,12.7656,3.85277,26.9965
32,4332,865,12.9491,3.96763,27.0012
32,4333,861,12.9988,3.9849,26.9547
32,4334,870,12.8184,3.93333,26.9425
32,4335,860,12.6581,3.85465,26.9395
32,4336,882,12.6281,3.84807,27.0204
32,4337,870,12.8586,3.88391,27.0391
32,4338,861,13.0197,3.95587,27.0407
32,4339,869,12.8941,3.87572,27.0656
32,4340,872,12.8394,3.84289,27.117
32,4341,847,13.0236,3.86541,27.1452
32,4342,851,12.9201,3.83666,27.1328
32,4343,869,12.6525,3.78481,27.1807
32,4344,871,12.6958,3.77153,27.155
32,4345,869,12.8435,3.82163,27.1507
32,4346,863,12.8598,3.8007,27.0962
32,4347,869,12.9287,3.82969,27.1369
32,4348,857,12.7095,3.76079,27.0618
32,4349,859,12.8813,3.81374,27.099
32,4350,879,12.9488,3.84755,27.1536
32,4351,887,13.0947,3.92221,27.062
32,4352,887,13.1285,3.91657,26.9786
32,4353,900,13.0922,3.89556,26.9644
32,4354,913,12.7755,3.84118,27.0099
32,4355,902,12.8271,3.88803,27.0133
32,4356,896,12.6507,3.83036,27.067
32,4357,891,12.596,3.78002,27.0348
32,4358,883,12.5708,3.78596,27.06
32,4359,894,12.6477,3.79978,27.0492
32,4360,886,12.7517,3.78442,27.0248
32,4361,876,12.7112,3.73858,26.9498
32,4362,875,12.7943,3.73943,26.8937
32,4363,884,12.8213,3.75679,26.9615
32,4364,883,12.8335,3.74179,27.0034
32,4365,884,12.8699,3.76923,26.9186
32,4366,884,13.1188,3.8733,26.914
32,4367,895,13.0011,3.86592,26.9654
32,4368,892,13.0729,3.8991,26.9933
32,4369,905,12.9691,3.85746,27.0099
32,4370,895,13.0425,3.88603,26.9922
32,4371,886,13.2269,3.9921,27.0158
32,4372,892,13.2825,3.97534,26.9641
32,4373,887,13.257,3.96731,26.9831
32,4374,908,13.2687,3.98128,26.978
32,4375,907,13.2701,3.98787,26.9217
32,4376,910,13.3385,4.00549,26.9473
32,4377,900,13.5867,4.08333,26.9356
32,4378,887,13.5175,4.0575,26.9696
32,4379,882,13.6746,4.06349,26.9932
32,4380,881,13.588,4.05789,26.983
32,4381,882,13.7188,4.12698,26.9229
32,4382,880,13.5193,4.0375,26.8659
32,4383,880,13.5386,4.075,26.8727
32,4384,881,13.8661,4.18842,26.8422
32,4385,886,13.8476,4.2167,26.8262
32,4386,889,13.748,4.19573,26.9066
32,4387,902,13.388,4.04213,26.8404
32,4388,890,13.4438,4.03371,26.8202
32,4389,895,13.4682,4.05475,26.8022
32,4390,886,13.3093,4.00451,26.8781
32,4391,895,13.2615,3.99218,26.8961
32,4392,896,13.3728,4.00781,26.9353
32,4393,893,13.3236,3.98096,26.981
32,4394,883,13.3012,3.9513,26.983
32,4395,888,13.2624,3.97072,27.036
32,4396,882,13.1871,3.93878,27.0363
32,4397,877,13.1631,3.93158,26.9897
32,4398,865,13.1977,3.88555,26.9595
32,4399,874,13.159,3.87414,26.9474
32,4400,884,12.8586,3.78507,26.9729
32,4401,864,12.8727,3.75579,26.9375
32,4402,867,13.0727,3.82353,26.9273
32,4403,865,13.1538,3.86012,26.9457
32,4404,858,13.1049,3.81935,26.9604
32,4405,849,13.0554,3.81979,26.9541
32,4406,836,13.0383,3.76196,26.9928
32,4407,830,13.1542,3.82892,27.0386
32,4408,829,13.1194,3.83474,27.0905
32,4409,829,13.1448,3.87455,27.158
32,4410,836,13.25,3.94378,27.1627
32,4411,829,13.4138,3.96743,27.1725
32,4412,841,12.9822,3.80499,27.1439
32,4413,834,12.9424,3.76619,27.0839
32,4414,841,13.0083,3.81213,27.1034
32,4415,837,13.3023,3.93787,27.1159
32,4416,841,13.1807,3.88466,27.1082
32,4417,840,13.2071,3.89405,27.15
32,4418,830,13.3735,3.93855,27.1518
32,4419,834,13.2662,3.92686,27.1463
32,4420,827,13.2213,3.91173,27.1874
32,4421,827,13.3785,3.97582,27.2092
32,4422,833,13.2821,3.95078,27.1693
32,4423,834,13.1918,3.92566,27.2014
32,4424,831,13.0505,3.88929,27.2323
32,4425,833,12.9688,3.83673,27.2797
32,4426,834,12.9724,3.81055,27.2854
32,4427,821,13.0219,3.85627,27.2984
32,4428,816,13.2034,3.89706,27.2941
32,4429,810,13.2519,3.92963,27.3951
32,4430,795,13.3447,3.96981,27.366
32,4431,801,13.2921,3.97378,27.3184
32,4432,808,13.354,4.00495,27.3119
32,4433,814,13.3415,3.97052,27.3071
32,4434,818,13.3765,4.03056,27.3252
32,4435,815,13.2798,3.98528,27.3767
32,4436,810,13.2111,3.97407,27.3901
32,4437,815,13.0552,3.88834,27.3374
32,4438,827,12.9335,3.89843,27.3615
32,4439,821,13.123,3.96468,27.3666
32,4440,828,12.9601,3.9215,27.4469
32,4441,827,13.3071,4.02781,27.5067
32,4442,837,13.3154,4.04898,27.5125
32,4443,820,13.5646,4.12561,27.4756
32,4444,816,13.462,4.07475,27.5662
32,4445,818,13.5709,4.09413,27.5917
32,4446,816,13.7279,4.16054,27.5637
32,4447,816,13.7243,4.1826,27.625
32,4448,820,13.5049,4.09756,27.6244
32,4449,824,13.3556,4.01456,27.5922
32,4450,834,13.259,3.96882,27.6187
32,4451,844,13.0711,3.94076,27.6564
32,4452,849,12.7008,3.80094,27.7385
32,4453,844,12.4135,3.67891,27.7062
32,4454,854,12.5468,3.75176,27.7073
32,4455,853,12.5064,3.71864,27.7632
32,4456,847,12.4333,3.6706,27.7946
32,4457,836,12.4892,3.70096,27.8301
32,4458,840,12.3643,3.65357,27.7881
32,4459,847,12.6576,3.79457,27.7544
32,4460,853,12.7503,3.79367,27.7468
32,4461,871,12.8909,3.84156,27.6969
32,4462,871,13.062,3.90471,27.6533
32,4463,869,12.901,3.83084,27.6433
32,4464,873,12.8534,3.80985,27.6861
32,4465,858,12.9627,3.85198,27.6876
32,4466,851,12.7485,3.78261,27.7462
32,4467,854,12.6944,3.79625,27.7564
32,4468,852,12.7523,3.82277,27.7089
32,4469,849,12.8009,3.84452,27.6678
32,4470,846,12.7175,3.82861,27.6927
32,4471,834,12.9664,3.90887,27.7002
32,4472,834,13.0336,3.97962,27.7218
32,4473,831,13.3105,4.07581,27.8219
32,4474,830,13.4096,4.12289,27.7783
32,4475,826,13.27,4.09443,27.7724
32,4476,814,13.2101,4.07494,27.8403
32,4477,809,13.0457,4.00865,27.7553
32,4478,812,12.8017,3.90887,27.8005
32,4479,832,12.9952,3.99639,27.7692
32,4480,838,12.9773,3.98807,27.747
32,4481,840,12.9048,3.97976,27.7667
32,4482,831,12.9771,4.00481,27.7641
32,4483,838,12.8938,3.97375,27.8067
32,4484,840,12.519,3.82262,27.8667
32,4485,825,12.6764,3.91152,27.8594
32,4486,821,12.5286,3.86845,27.8806
32,4487,824,12.358,3.83617,27.8398
32,4488,825,12.3818,3.84485,27.8085
32,4489,825,12.4618,3.83515,27.7939
32,4490,821,12.5676,3.85993,27.7832
32,4491,820,12.6524,3.87805,27.8
32,4492,821,12.754,3.92083,27.7856
32,4493,823,12.9769,3.98663,27.774
32,4494,832,12.7392,3.94712,27.8846
32,4495,832,12.8377,3.97115,27.9399
32,4496,829,12.7937,3.9421,27.9952
32,4497,839,12.8451,3.9702,28.031
32,4498,830,12.7313,3.94337,27.9952
32,4499,827,12.7207,3.92745,27.9734
32,4500,814,12.7076,3.92629,27.8968
32,4501,812,12.7118,3.94212,27.8916
32,4502,814,12.586,3.88329,27.8845
32,4503,811,12.5598,3.8397,27.7559
32,4504,813,12.5904,3.85978,27.7048
32,4505,807,12.3656,3.75836,27.6629
32,4506,794,12.4332,3.79723,27.6927
32,4507,791,12.3287,3.72819,27.6991
32,4508,798,12.4762,3.76817,27.7519
32,4509,806,12.4218,3.76055,27.7246
32,4510,804,12.5149,3.77985,27.7836
32,4511,805,12.7391,3.89565,27.846
32,4512,803,12.9925,3.98879,27.7385
32,4513,790,12.9557,4.00127,27.7671
32,4514,791,13.1113,4.05815,27.818
32,4515,789,13.2028,4.1052,27.8378
32,4516,802,13.2007,4.13092,27.803
32,4517,809,13.1978,4.1335,27.7602
32,4518,818,13.066,4.11002,27.7628
32,4519,816,13.1066,4.13235,27.7672
32,4520,822,13.0998,4.08759,27.7372
32,4521,817,13.0502,4.07711,27.6916
32,4522,812,13.1379,4.0702,27.7094
32,4523,816,13.0699,4.07108,27.6936
32,4524,813,13.1808,4.11685,27.6556
32,4525,811,13.238,4.14797,27.6326
32,4526,817,13.0967,4.06365,27.5667
32,4527,820,13.0988,4.06585,27.6293
32,4528,836,12.951,4.01914,27.634
32,4529,831,13.3598,4.13598,27.6077
32,4530,833,13.2281,4.08884,27.6086
32,4531,826,13.1622,4.07022,27.5303
32,4532,826,13.109,4.03511,27.523
32,4533,837,13.2378,4.11231,27.4886
32,4534,845,13.342,4.16331,27.503
32,4535,842,13.4109,4.21259,27.4751
32,4536,843,13.2515,4.12574,27.4496
32,4537,848,13.2642,4.12264,27.4788
32,4538,847,13.3046,4.14758,27.4664
32,4539,844,13.1374,4.03081,27.4336
32,4540,850,13.2118,4.08118,27.4329
32,4541,848,12.9281,4.01533,27.4575
32,4542,835,12.9988,3.98922,27.4731
32,4543,846,13.0402,4.01537,27.4184
32,4544,834,13.4125,4.11391,27.4029
32,4545,837,13.4683,4.11947,27.4122
32,4546,842,13.4121,4.09145,27.4822
32,4547,845,13.1763,4.01538,27.4982
32,4548,848,12.9988,3.94222,27.4835
32,4549,849,13.0942,3.99647,27.4488
32,4550,843,13.2242,4.0344,27.3998
32,4551,843,13.0474,3.9656,27.3879
32,4552,833,12.9256,3.90276,27.3325
32,4553,821,13.0183,3.93057,27.313
32,4554,831,12.9519,3.94344,27.2443
32,4555,834,12.9113,3.8789,27.2494
32,4556,833,12.9244,3.90996,27.2413
32,4557,831,13.0313,3.91215,27.2347
32,4558,820,13.1902,3.95732,27.2415
32,4559,814,13.1339,3.93243,27.2064
32,4560,810,13.1531,3.95926,27.1877
32,4561,794,13.0756,3.93577,27.2116
32,4562,790,12.9671,3.90506,27.2759
32,4563,790,13.3101,4.03544,27.3165
32,4564,794,13.3338,4.04786,27.2897
32,4565,788,13.4404,4.06853,27.2538
32,4566,783,13.6756,4.12899,27.249
32,4567,779,13.5443,4.12709,27.2195
32,4568,783,13.6194,4.21201,27.2261
32,4569,782,13.6368,4.21995,27.2379
32,4570,784,13.5574,4.21556,27.2347
32,4571,782,13.8683,4.30946,27.2481
32,4572,771,13.6978,4.22438,27.2633
32,4573,780,13.6141,4.22179,27.2718
32,4574,782,13.688,4.27238,27.3376
32,4575,788,13.6713,4.25,27.3122
32,4576,786,13.972,4.38804,27.3384
32,4577,792,14.1111,4.47727,27.3636
32,4578,785,14.1936,4.52611,27.3605
32,4579,785,14.1312,4.55287,27.251
32,4580,790,13.6291,4.38228,27.3038
32,4581,790,13.3177,4.27595,27.2532
32,4582,794,13.2141,4.23552,27.3199
32,4583,811,13.3058,4.25401,27.344
32,4584,811,13.5277,4.33169,27.3736
32,4585,813,13.6913,4.38868,27.3063
32,4586,818,13.5489,4.2934,27.2323
32,4587,818,13.5526,4.28117,27.2494
32,4588,817,13.5435,4.25826,27.2705
32,4589,823,13.4909,4.25638,27.3074
32,4590,823,13.3718,4.23329,27.3269
32,4591,815,13.2896,4.19018,27.3816
32,4592,811,13.4562,4.24414,27.3909
32,4593,803,13.4496,4.17559,27.3624
32,4594,800,13.5512,4.22,27.3725
32,4595,795,13.322,4.12579,27.3711
32,4596,798,13.104,4.0614,27.3709
32,4597,805,13.1913,4.09193,27.3963
32,4598,804,13.3047,4.13557,27.4303
32,4599,799,13.1402,4.02628,27.3892
32,4600,800,13.045,4.0375,27.385
32,4601,800,12.9012,3.9725,27.3075
32,4602,809,12.8072,3.92089,27.3152
32,4603,817,12.7625,3.89718,27.2803
32,4604,822,12.7543,3.89294,27.2871
32,4605,817,12.8323,3.89351,27.2093
32,4606,821,12.9488,3.94884,27.218
32,4607,827,13.1064,4.01935,27.1995
32,4608,837,13.1458,4.03704,27.1852
32,4609,848,13.0743,4.0342,27.1061
32,4610,836,13.0311,4.04426,27.0383
32,4611,838,12.784,3.95704,27.0788
32,4612,849,12.5701,3.88104,27.1048
32,4613,835,12.6695,3.92096,27.0946
32,4614,827,12.9287,3.98307,27.0641
32,4615,827,12.8694,3.99758,27.081
32,4616,821,12.7661,3.94762,27.067
32,4617,822,12.8577,3.97567,27.0097
32,4618,825,12.8315,3.97212,27.04
32,4619,829,12.9131,4.00483,27.0422
32,4620,826,13.0763,4.05085,27.0412
32,4621,835,13.1042,4.0479,27.0251
32,4622,834,12.9892,4.01079,27.0983
32,4623,825,12.9624,3.96121,27.0885
32,4624,821,13.0926,4.03289,27.0012
32,4625,829,13.1411,4.03739,27.0712
32,4626,829,13.1532,4.00483,27.0326
32,4627,829,13.0796,3.98311,27.0277
32,4628,812,13.2722,4.02833,27.0345
32,4629,801,13.2235,4.0025,27.0737
32,4630,803,13.335,4.07098,27.0585
32,4631,808,13.6126,4.20916,27.0322
32,4632,826,13.6429,4.21429,26.9685
32,4633,821,13.6711,4.23143,26.9915
32,4634,828,13.5785,4.21377,26.9734
32,4635,835,13.5796,4.18563,26.8695
32,4636,822,13.6606,4.22019,26.8856
32,4637,822,13.7092,4.23966,26.8808
32,4638,819,13.5067,4.17338,26.8181
32,4639,833,13.557,4.19688,26.8523
32,4640,828,13.3937,4.14493,26.8865
32,4641,828,13.4203,4.14493,26.8551
32,4642,828,13.3478,4.14251,26.8792
32,4643,825,13.2521,4.11152,26.9018
32,4644,823,12.9915,4.00243,26.8797
32,4645,821,13.0585,4.01462,26.8843
32,4646,821,13.1827,4.05238,26.8794
32,4647,809,13.3028,4.06304,26.8752
32,4648,818,13.1553,4.03056,26.8484
32,4649,823,13.2284,4.0729,26.8603
32,4650,829,13.1158,3.99276,26.8347
32,4651,831,13.2118,4.03129,26.8303
32,4652,825,13.2739,4.05091,26.8267
32,4653,821,13.2436,4.04263,26.8185
32,4654,826,13.3099,4.06174,26.8111
32,4655,840,13.331,4.09643,26.8357
32,4656,835,13.2611,4.07186,26.8216
32,4657,827,13.0605,4,26.8682
32,4658,830,13.2241,4.08554,26.8699
32,4659,828,13.4614,4.18116,26.9348
32,4660,822,13.3163,4.13747,26.9051
32,4661,825,12.9564,3.96485,26.9333
32,4662,823,13.1786,4.09113,26.9502
32,4663,834,13.3129,4.13909,26.9904
32,4664,841,13.3258,4.15696,27.0416
32,4665,842,13.4976,4.21259,27.0356
32,4666,839,13.3302,4.22169,27.0703
32,4667,831,13.3345,4.21901,27.1384
32,4668,836,13.3684,4.23684,27.1675
32,4669,839,13.4684,4.2062,27.1061
32,4670,834,13.4353,4.16906,27.1175
32,4671,846,13.2754,4.12648,27.1702
32,4672,848,13.309,4.15802,27.217
32,4673,840,13.406,4.14048,27.2214
32,4674,847,13.5089,4.24085,27.2515
32,4675,837,13.3274,4.17921,27.1876
32,4676,835,13.315,4.17006,27.1952
32,4677,834,13.3897,4.20264,27.2398
32,4678,842,13.0629,4.11639,27.2565
32,4679,824,13.182,4.12015,27.2767
32,4680,821,13.2229,4.15225,27.2521
32,4681,814,13.5467,4.26536,27.226
32,4682,804,13.6654,4.31965,27.2388
32,4683,799,13.577,4.25532,27.229
32,4684,793,13.744,4.33544,27.1854
32,4685,791,13.8053,4.35019,27.1201
32,4686,796,13.7224,4.36055,27.1432
32,4687,794,13.5453,4.2796,27.1411
32,4688,804,13.6517,4.31716,27.1418
32,4689,809,13.6069,4.32633,27.1496
32,4690,807,13.5613,4.2912,27.1772
32,4691,812,13.4791,4.24384,27.1429
32,4692,817,13.5496,4.26928,27.1163
32,4693,831,13.4284,4.26354,27.1336
32,4694,823,13.3572,4.19441,27.0936
32,4695,822,13.371,4.1691,27.0608
32,4696,800,13.4062,4.17625,27.0875
32,4697,789,13.1229,4.02915,27.0773
32,4698,783,13.2822,4.10089,27.0345
32,4699,784,13.1518,4.02934,27.1276
32,4700,790,13.2481,4.07342,27.1215
32,4701,808,13.4146,4.16708,27.1931
32,4702,806,13.4677,4.16005,27.2208
32,4703,811,13.3329,4.07398,27.2577
32,4704,813,13.3592,4.07749,27.3063
32,4705,812,13.4544,4.10222,27.2833
32,4706,797,13.5069,4.10665,27.325
32,4707,816,13.5674,4.14216,27.3652
32,4708,803,13.3636,4.04608,27.3823
32,4709,813,13.3456,4.0861,27.3432
32,4710,810,13.3667,4.13704,27.3358
32,4711,811,13.2355,4.11344,27.3662
32,4712,815,13.2834,4.11166,27.3988
32,4713,816,13.1765,4.03309,27.3627
32,4714,816,13.4473,4.14338,27.3382
32,4715,816,13.3591,4.1348,27.3333
32,4716,819,13.3724,4.1514,27.2796
32,4717,809,13.1743,4.09765,27.33
32,4718,807,13.0929,4.00743,27.2962
32,4719,814,13.1118,4.02703,27.2457
32,4720,817,12.9351,3.94247,27.202
32,4721,816,13.0564,3.96324,27.201
32,4722,827,12.9661,3.94559,27.1874
32,4723,830,13.0735,4.02289,27.1759
32,4724,829,13.1363,4.08444,27.2376
32,4725,806,13.062,4.02978,27.2159
32,4726,816,12.9596,3.99755,27.2304
32,4727,818,12.912,4.00367,27.2714
32,4728,813,13.123,4.0738,27.2595
32,4729,803,13.137,4.1208,27.2777
32,4730,805,13.4112,4.23354,27.282
32,4731,812,13.234,4.18966,27.2906
32,4732,828,13.1027,4.11473,27.2415
32,4733,817,13.2607,4.16157,27.2411
32,4734,809,13.2002,4.07664,27.1941
32,4735,798,13.2331,4.09023,27.2105
32,4736,785,13.2713,4.09299,27.1796
32,4737,792,13.4293,4.16919,27.1212
32,4738,783,13.6169,4.22095,27.1264
32,4739,780,13.5974,4.21026,27.2051
32,4740,787,13.5032,4.19441,27.2376
32,4741,793,13.1728,4.07188,27.2509
32,4742,801,12.985,4.01873,27.3009
32,4743,801,13.0275,4.0362,27.2859
32,4744,787,13.2058,4.09784,27.263
32,4745,771,13.2944,4.12062,27.2529
32,4746,762,13.2782,4.07218,27.1942
32,4747,767,13.1317,3.97914,27.2699
32,4748,752,13.3191,4.03059,27.2979
32,4749,748,13.4091,4.05749,27.2941
32,4750,747,13.2825,4.02142,27.336
32,4751,749,13.5194,4.09346,27.3138
32,4752,750,13.596,4.14533,27.296
32,4753,760,13.6382,4.17632,27.3658
32,4754,767,13.7914,4.24902,27.3116
32,4755,751,13.751,4.2237,27.3316
32,4756,760,13.5961,4.21842,27.3842
32,4757,761,13.6307,4.20368,27.364
32,4758,764,13.6073,4.1911,27.3848
32,4759,778,13.4936,4.14267,27.383
32,4760,786,13.6934,4.25318,27.4122
32,4761,783,13.5479,4.19285,27.41
32,4762,780,13.6692,4.23846,27.4103
32,4763,776,13.5541,4.19459,27.4227
32,4764,774,13.6576,4.20543,27.4005
32,4765,762,13.7113,4.20472,27.4042
32,4766,770,13.9078,4.24286,27.3948
32,4767,767,13.8396,4.20469,27.3664
32,4768,771,13.8366,4.2192,27.4163
32,4769,780,13.6987,4.17179,27.4103
32,4770,780,13.5564,4.14231,27.4872
32,4771,780,13.5564,4.18974,27.4897
32,4772,783,13.4891,4.17241,27.4891
32,4773,778,13.7237,4.2018,27.4524
32,4774,782,13.5588,4.13939,27.4246
32,4775,782,13.5857,4.18286,27.4655
32,4776,788,13.5571,4.19924,27.5888
32,4777,791,13.6839,4.2225,27.5702
32,4778,792,13.577,4.11742,27.5657
32,4779,791,13.6119,4.12516,27.5171
32,4780,788,13.6561,4.0901,27.5152
32,4781,776,13.7629,4.12629,27.5026
32,4782,788,13.6662,4.11802,27.5381
32,4783,786,13.6768,4.08906,27.5369
32,4784,805,13.3466,4.00994,27.4981
32,4785,810,13.037,3.91358,27.4815
32,4786,817,12.918,3.91799,27.4982
32,4787,823,12.8591,3.94289,27.5115
32,4788,816,12.8958,3.97917,27.5588
32,4789,812,12.9298,3.96429,27.5764
32,4790,805,12.9714,3.98012,27.5702
32,4791,810,12.8506,3.90247,27.5432
32,4792,813,12.8266,3.8893,27.5252
32,4793,813,13.1599,3.97909,27.5228
32,4794,818,13.423,4.06968,27.5086
32,4795,814,13.5381,4.0602,27.4545
32,4796,815,13.4773,4.05399,27.5117
32,4797,816,13.538,4.07721,27.4951
32,4798,825,13.7673,4.17455,27.4788
32,4799,818,13.9853,4.26895,27.4743
32,4800,812,14.0554,4.2931,27.4704
32,4801,811,13.8224,4.19112,27.4649
32,4802,814,13.8182,4.18059,27.5012
32,4803,805,13.7863,4.15031,27.5031
32,4804,807,13.6791,4.12144,27.5068
32,4805,804,13.602,4.12562,27.49
32,4806,796,13.6319,4.13317,27.4724
32,4807,798,13.5038,4.09023,27.4812
32,4808,814,13.4988,4.10197,27.5307
32,4809,826,13.4564,4.12712,27.5375
32,4810,836,13.4438,4.09091,27.5144
32,4811,831,13.5523,4.17449,27.5066
32,4812,846,13.4173,4.10047,27.5248
32,4813,844,13.1931,4.02607,27.4858
32,4814,843,13.1364,3.97983,27.4353
32,4815,851,13.0705,3.9483,27.4571
32,4816,843,13.1566,3.95255,27.4377
32,4817,850,13.2365,3.98824,27.4588
32,4818,858,13.3415,4.03497,27.4336
32,4819,861,13.266,4.01626,27.4077
32,4820,863,13.1564,4.01275,27.4461
32,4821,859,13.1246,3.96391,27.3737
32,4822,865,12.8624,3.85318,27.4497
32,4823,859,13.0244,3.90687,27.4272
32,4824,845,13.0213,3.86627,27.4083
32,4825,830,13.1855,3.92771,27.4458
32,4826,832,13.3053,3.97476,27.4736
32,4827,834,13.3681,3.96043,27.482
32,4828,825,13.417,3.97576,27.5394
32,4829,828,13.2766,3.94082,27.6256
32,4830,830,13.3819,3.97952,27.6386
32,4831,838,13.3938,4.04654,27.716
32,4832,840,13.5869,4.14762,27.669
32,4833,838,13.5084,4.13246,27.6969
32,4834,845,13.4355,4.15266,27.7112
32,4835,863,13.4032,4.14832,27.6848
32,4836,870,13.4655,4.16322,27.7126
32,4837,874,13.5011,4.15789,27.6979
32,4838,866,13.2794,4.07852,27.7275
32,4839,859,13.1828,4.01048,27.7765
32,4840,864,13.3738,4.0706,27.7616
32,4841,870,13.3517,4.06092,27.7494
32,4842,879,13.5438,4.14562,27.7838
32,4843,883,13.2933,4.10985,27.8143
32,4844,886,13.412,4.18962,27.9074
32,4845,893,13.2329,4.1075,27.9194
32,4846,886,13.1772,4.03837,27.8488
32,4847,888,13.1137,4.03266,27.8986
32,4848,893,13.1288,4.06159,27.9731
32,4849,888,13.2072,4.13288,27.982
32,4850,886,13.2099,4.16817,27.9932
32,4851,894,13.1197,4.14541,27.9441
32,4852,902,13.265,4.19401,27.9534
32,4853,910,13.2352,4.16044,27.9604
32,4854,899,13.1001,4.0634,27.9956
32,4855,892,13.3217,4.14126,27.9821
32,4856,878,13.41,4.16515,27.9385
32,4857,876,13.4064,4.16667,27.9795
32,4858,868,13.3583,4.13479,27.9009
32,4859,875,13.2034,4.10629,27.9086
32,4860,874,13.2563,4.10641,27.9222
32,4861,867,13.158,4.07382,27.9469
32,4862,869,13.0483,4.02877,27.9586
32,4863,866,12.9065,4.01039,28.037
32,4864,865,12.9734,4.02312,27.9792
32,4865,853,13.0246,4.0422,27.9555
32,4866,842,13.0618,4.04869,27.924
32,4867,844,13.2062,4.09123,27.9218
32,4868,848,13.2983,4.11557,27.8561
32,4869,855,13.2363,4.06784,27.855
32,4870,855,13.3251,4.10877,27.8737
32,4871,849,13.4723,4.12956,27.861
32,4872,867,13.3426,4.05306,27.8685
32,4873,862,13.0302,3.98028,27.8654
32,4874,869,12.8136,3.93556,27.8987
32,4875,887,12.7914,3.97294,27.9188
32,4876,867,12.8201,3.96194,27.917
32,4877,864,12.7176,3.91551,27.8981
32,4878,845,12.9172,3.99053,27.9314
32,4879,856,12.778,3.91589,27.9276
32,4880,851,12.8002,3.91539,27.8566
32,4881,852,12.8932,3.90376,27.8498
32,4882,835,12.8898,3.87305,27.885
32,4883,833,13.2089,3.98199,27.8824
32,4884,830,13.1566,4.00843,27.8843
32,4885,820,13.1829,3.98902,27.9683
32,4886,825,13.0691,3.92,27.9055
32,4887,834,12.8825,3.88129,27.9209
32,4888,828,12.7705,3.83213,27.9251
32,4889,842,12.5178,3.74703,27.9074
32,4890,834,12.6283,3.79376,27.9281
32,4891,837,12.6595,3.81601,27.9498
32,4892,837,12.4277,3.77539,27.9952
32,4893,823,12.6962,3.86634,27.9927
32,4894,820,12.8207,3.90854,28.039
32,4895,812,12.9729,3.94581,27.9384
32,4896,815,13.2086,4.02945,27.8871
32,4897,822,13.0377,4.00122,27.9148
32,4898,842,12.9287,3.97743,27.8789
32,4899,838,13.2267,4.03699,27.8759
32,4900,836,13.0634,4.00598,27.9067
32,4901,837,13.0358,3.95341,27.8925
32,4902,844,13.0284,3.97986,27.9005
32,4903,840,13.0488,3.96905,27.7857
32,4904,838,13.0632,3.95227,27.7542
32,4905,822,13.1192,3.9708,27.7591
32,4906,803,13.2503,4.03487,27.7086
32,4907,812,12.9507,3.94828,27.7291
32,4908,798,12.9361,3.91479,27.6842
32,4909,794,12.9471,3.94332,27.6373
32,4910,802,12.8641,3.94015,27.6434
32,4911,800,12.6975,3.915,27.68
32,4912,806,12.8561,3.95906,27.6948
32,4913,814,12.8428,3.97174,27.6462
32,4914,828,12.9638,4.01087,27.5966
32,4915,825,13.0182,4.04242,27.5806
32,4916,835,13.0455,4.06228,27.5138
32,4917,855,12.8865,4.03626,27.5088
32,4918,841,12.9441,4.02021,27.4483
32,4919,839,13.0381,4.09058,27.466
32,4920,844,12.8637,3.95498,27.4194
32,4921,850,13.0412,4.01882,27.4353
32,4922,844,13.1611,4.04976,27.4384
32,4923,842,13.1461,4.05463,27.4489
32,4924,841,13.321,4.09869,27.4102
32,4925,850,13.1294,4.04235,27.3741
32,4926,841,13.0345,3.98216,27.308
32,4927,840,12.8762,3.92976,27.4262
32,4928,842,12.9382,3.97981,27.5036
32,4929,835,13.2419,4.09461,27.4228
32,4930,838,13.4165,4.15155,27.401
32,4931,828,13.5229,4.17029,27.3744
32,4932,824,13.5352,4.1966,27.3714
32,4933,809,13.5365,4.2089,27.4141
32,4934,803,13.2827,4.06227,27.4072
32,4935,804,13.3968,4.11692,27.3806
32,4936,795,13.4189,4.13333,27.3585
32,4937,809,13.0952,4.0445,27.3449
32,4938,820,12.9829,3.99634,27.3976
32,4939,815,12.9067,3.97055,27.4061
32,4940,828,12.9275,3.96135,27.3937
32,4941,832,12.7224,3.85817,27.3846
32,4942,832,12.8858,3.91707,27.3846
32,4943,836,12.8852,3.939,27.4569
32,4944,841,13.0119,4.01427,27.4554
32,4945,842,13.101,4.10926,27.5154
32,4946,835,13.0671,4.09102,27.5042
32,4947,837,12.9343,3.99164,27.4815
32,4948,822,13.1594,4.04136,27.4258
32,4949,827,13.2467,4.0653,27.4123
32,4950,823,13.1725,4.01094,27.39
32,4951,821,13.2801,4.08404,27.3959
32,4952,814,13.3403,4.08845,27.4005
32,4953,806,13.4156,4.07816,27.3648
32,4954,815,13.5742,4.14233,27.4454
32,4955,833,13.5306,4.14646,27.407
32,4956,823,13.3439,4.09235,27.3876
32,4957,823,13.0778,4.00486,27.3779
32,4958,820,12.9037,3.9561,27.4073
32,4959,818,12.967,3.98655,27.4303
32,4960,830,12.8892,3.95542,27.4313
32,4961,822,12.91,3.93796,27.4647
32,4962,808,12.8923,3.89728,27.3762
32,4963,814,12.8686,3.88206,27.4177
32,4964,815,12.7865,3.84785,27.4528
32,4965,819,13.1172,3.98901,27.4017
32,4966,816,13.1875,4.00858,27.4559
32,4967,810,13.163,3.98395,27.3877
32,4968,805,13.2323,3.99876,27.3789
32,4969,800,13.1913,4.00125,27.405
32,4970,792,13.1591,4.00631,27.4646
32,4971,788,13.3744,4.09518,27.5127
32,4972,799,13.2265,4.06884,27.5319
32,4973,806,13.3648,4.134,27.5409
32,4974,809,13.1768,4.04203,27.5278
32,4975,816,12.9608,3.97794,27.5123
32,4976,812,13.0271,4.01724,27.5049
32,4977,824,12.8556,3.94175,27.5413
32,4978,826,12.8257,3.92373,27.4988
32,4979,812,12.8929,3.96059,27.4704
32,4980,809,13.1904,4.11619,27.4586
32,4981,820,13.3488,4.16951,27.4098
32,4982,814,13.2936,4.14496,27.4128
32,4983,804,13.403,4.13433,27.3358
32,4984,803,13.5417,4.18555,27.3848
32,4985,805,13.5553,4.1764,27.3516
32,4986,803,13.8169,4.28767,27.34
32,4987,799,13.7772,4.23529,27.3217
32,4988,800,13.6675,4.2325,27.37
32,4989,802,13.5349,4.22569,27.4913
32,4990,788,13.5254,4.21574,27.4822
32,4991,788,13.6117,4.2665,27.5533
32,4992,786,13.7468,4.36896,27.5598
32,4993,789,13.7883,4.40684,27.5285
32,4994,796,13.8505,4.43342,27.5653
32,4995,793,14.0265,4.52207,27.5939
32,4996,789,13.929,4.48289,27.635
32,4997,778,13.9794,4.49229,27.581
32,4998,785,13.7006,4.41529,27.5338
32,4999,777,13.8018,4.46075,27.4929
32,5000,784,13.9554,4.51658,27.3827
32,5001,780,14.2615,4.64744,27.4051
32,5002,777,14.2754,4.66924,27.3951
32,5003,772,14.3187,4.67098,27.3601
32,5004,770,14.2506,4.62857,27.3429
32,5005,779,14.3004,4.64056,27.3633
32,5006,781,14.2727,4.64405,27.3752
32,5007,776,13.9549,4.52706,27.433
32,5008,784,13.9834,4.53061,27.3673
32,5009,796,13.8693,4.47864,27.3191
32,5010,805,13.8311,4.46708,27.3615
32,5011,813,13.8081,4.47847,27.3358
32,5012,810,13.8667,4.51728,27.358
32,5013,809,13.8578,4.5204,27.3251
32,5014,816,13.9289,4.50123,27.2892
32,5015,816,14.0539,4.56618,27.3015
32,5016,831,14.1661,4.58604,27.2178
32,5017,814,13.844,4.48649,27.2334
32,5018,812,13.8756,4.47414,27.2414
32,5019,818,13.8264,4.47433,27.2469
32,5020,813,13.7478,4.44649,27.2177
32,5021,809,13.7676,4.4796,27.2361
32,5022,810,13.7531,4.43457,27.2049
32,5023,796,13.4975,4.31533,27.1382
32,5024,793,13.7831,4.39849,27.1274
32,5025,809,13.5501,4.33004,27.1174
32,5026,813,13.5449,4.32718,27.1808
32,5027,808,13.6225,4.34035,27.151
32,5028,800,13.5325,4.29,27.1475
32,5029,789,13.4715,4.23574,27.1331
32,5030,792,13.5505,4.23485,27.1591
32,5031,798,13.3659,4.18672,27.1729
32,5032,798,13.6266,4.31078,27.1504
32,5033,791,13.8028,4.36283,27.1454
32,5034,789,13.9024,4.40431,27.1534
32,5035,792,13.8434,4.40404,27.1591
32,5036,792,14.0227,4.4697,27.1414
32,5037,788,14.0888,4.42893,27.1015
32,5038,788,14.2449,4.49365,27.0914
32,5039,784,14.3048,4.4949,27.1046
32,5040,782,14.0972,4.4399,27.1535
32,5041,784,14.1811,4.45791,27.2168
32,5042,778,14.2725,4.50386,27.2622
32,5043,767,14.3064,4.50847,27.2621
32,5044,778,14.3098,4.50514,27.3033
32,5045,769,14.0442,4.39402,27.2536
32,5046,773,14.0802,4.37646,27.2497
32,5047,778,13.7211,4.3072,27.2416
32,5048,774,13.4276,4.24419,27.3437
32,5049,786,13.4313,4.26209,27.2977
32,5050,796,13.3178,4.25879,27.2965
32,5051,789,13.346,4.24461,27.3054
32,5052,793,13.5057,4.30895,27.319
32,5053,803,13.1557,4.15442,27.34
32,5054,800,13.1487,4.1225,27.345
32,5055,806,12.8511,4.01241,27.3151
32,5056,811,12.7559,4.00863,27.3243
32,5057,807,12.6976,3.94672,27.3656
32,5058,818,12.846,3.97188,27.2861
32,5059,813,12.8069,3.90898,27.2694
32,5060,825,12.7964,3.89939,27.2388
32,5061,832,12.845,3.94351,27.1827
32,5062,819,12.8596,3.95116,27.1331
32,5063,821,13.1973,4.07795,27.1084
32,5064,828,13.2077,4.08937,27.0652
32,5065,814,13.3096,4.11794,27.1302
32,5066,823,13.2576,4.12637,27.1567
32,5067,822,13.2859,4.15693,27.2117
32,5068,818,13.033,4.05868,27.2054
32,5069,823,13.3281,4.17132,27.2175
32,5070,820,13.2183,4.13902,27.1927
32,5071,819,13.0549,4.10745,27.2015
32,5072,829,13.3028,4.16888,27.2593
32,5073,841,13.2782,4.19263,27.2961
32,5074,843,13.2527,4.1981,27.3167
32,5075,839,13.2574,4.18951,27.4327
32,5076,846,13.3345,4.21158,27.3783
32,5077,838,13.4773,4.26134,27.3747
32,5078,843,13.2467,4.15421,27.3286
32,5079,844,13.1019,4.07583,27.3436
32,5080,842,13.133,4.08907,27.3159
32,5081,837,13.1314,4.06213,27.2927
32,5082,842,13.3872,4.14846,27.3159
32,5083,842,13.5831,4.2304,27.3112
32,5084,841,13.5577,4.21165,27.3365
32,5085,820,13.5159,4.1622,27.3512
32,5086,803,13.6164,4.19178,27.2702
32,5087,809,13.4747,4.17923,27.2188
32,5088,823,13.3244,4.12515,27.1738
32,5089,838,13.1897,4.08473,27.1575
32,5090,841,13.2842,4.10107,27.1201
32,5091,851,13.2855,4.11046,27.1351
32,5092,850,13.2718,4.12,27.1224
32,5093,870,13.2437,4.12414,27.0621
32,5094,872,13.1915,4.125,27.055
32,5095,878,13.2813,4.15604,26.9727
32,5096,882,13.2063,4.12585,26.9433
32,5097,879,13.2947,4.11945,26.9556
32,5098,874,13.2311,4.06865,26.9725
32,5099,869,13.2831,4.09436,26.9781
32,5100,866,13.3395,4.09931,27
32,5101,863,13.3129,4.06025,27.0012
32,5102,874,13.4016,4.11327,26.9748
32,5103,881,13.5312,4.19296,26.9671
32,5104,874,13.4485,4.13844,26.9634
32,5105,879,13.1229,4.00683,26.9852
32,5106,879,13.3925,4.05006,26.9761
32,5107,876,13.3607,4.06393,27.0023
32,5108,888,13.098,3.97973,27.0856
32,5109,872,13.0986,3.9461,27.0734
32,5110,877,13.0958,3.90764,27.0969
32,5111,878,13.0968,3.90888,27.1412
32,5112,879,13.1331,3.90102,27.0967
32,5113,880,12.9443,3.85341,27.1023
32,5114,872,12.8819,3.84862,27.1216
32,5115,870,12.9931,3.92414,27.1701
32,5116,871,13.07,3.96556,27.1504
32,5117,860,13.2128,4.00698,27.1256
32,5118,854,12.9918,3.89344,27.0867
32,5119,842,12.8717,3.85986,27.0974
32,5120,848,12.9458,3.86675,27.0825
32,5121,845,12.987,3.88402,27.0746
32,5122,848,13.1733,3.93514,27.0755
32,5123,842,13.0333,3.90143,27.0903
32,5124,832,12.9315,3.84856,27.0841
32,5125,833,12.9688,3.81753,27.0516
32,5126,838,13.0561,3.86993,27.0573
32,5127,851,12.7791,3.76851,27.0505
32,5128,861,12.8513,3.82695,27.0778
32,5129,868,12.894,3.85138,27.1175
32,5130,847,13.0106,3.87603,27.0815
32,5131,849,13.1178,3.93168,27.0671
32,5132,846,13.0106,3.93735,27.0638
32,5133,847,13.1192,3.9693,27.0319
32,5134,832,13.2296,3.98918,27.0192
32,5135,820,13.4232,4.09024,27.0244
32,5136,817,13.5459,4.11873,27.0624
32,5137,806,13.3201,4.01489,27.0347
32,5138,810,13.3901,4.08765,27.0691
32,5139,801,13.4357,4.09114,27.1161
32,5140,812,13.2623,4.03571,27.1059
32,5141,827,13.1705,4.00726,27.0955
32,5142,836,12.9605,3.97488,27.1292
32,5143,830,13.0867,4.02651,27.1446
32,5144,825,13.0788,4.0097,27.1273
32,5145,833,13.0072,3.96399,27.1092
32,5146,832,13.0805,3.98918,27.101
32,5147,840,13.3488,4.08571,27.0833
32,5148,843,13.4531,4.10558,27.0676
32,5149,844,13.5983,4.17891,27.0379
32,5150,836,13.5981,4.13038,27.0096
32,5151,833,13.6447,4.16807,27.0372
32,5152,826,13.8426,4.22518,27.0121
32,5153,814,13.8931,4.23096,27.0049
32,5154,816,14.027,4.30515,27
32,5155,824,13.9794,4.34951,27.0194
32,5156,832,13.875,4.34135,27.0529
32,5157,819,13.7143,4.25153,27.011
32,5158,803,13.7123,4.25405,26.9664
32,5159,800,13.815,4.3075,26.9575
32,5160,799,13.9662,4.30788,26.9412
32,5161,797,14.0289,4.3187,26.9285
32,5162,786,14.0204,4.31425,26.855
32,5163,788,13.9264,4.29569,26.7843
32,5164,794,13.9647,4.34257,26.7531
32,5165,789,13.967,4.34981,26.7529
32,5166,805,13.7441,4.29814,26.723
32,5167,807,13.6159,4.25031,26.7435
32,5168,803,13.7846,4.27771,26.6476
32,5169,815,13.7043,4.25767,26.6626
32,5170,816,13.6115,4.24265,26.6127
32,5171,824,13.4551,4.21117,26.5631
32,5172,825,13.2145,4.12606,26.6255
32,5173,820,13.0195,4.00976,26.622
32,5174,824,12.8374,3.90777,26.5752
32,5175,825,12.9067,3.87879,26.5527
32,5176,836,13.0538,3.95096,26.5837
32,5177,830,13.3602,4.05301,26.5759
32,5178,814,13.5197,4.03071,26.5405
32,5179,798,13.6604,4.06516,26.5388
32,5180,814,13.7678,4.13882,26.543
32,5181,824,13.8119,4.15655,26.5631
32,5182,819,13.5824,4.05617,26.5617
32,5183,809,13.4524,3.99258,26.6131
32,5184,814,13.371,4.00123,26.6486
32,5185,809,13.3918,4.01607,26.6205
32,5186,796,13.7035,4.14824,26.6307
32,5187,800,13.6188,4.12125,26.675
32,5188,805,13.5143,4.05093,26.6435
32,5189,811,13.5117,4.08631,26.6486
32,5190,815,13.865,4.18896,26.6675
32,5191,819,13.9695,4.18315,26.6471
32,5192,810,13.7963,4.10494,26.6889
32,5193,806,14.098,4.1861,26.6427
32,5194,808,14.2587,4.27351,26.6485
32,5195,826,13.9504,4.2276,26.6877
32,5196,812,13.8534,4.18596,26.6847
32,5197,808,13.6324,4.10767,26.7475
32,5198,809,13.5575,4.10136,26.759
32,5199,803,13.538,4.08842,26.7646
32,5200,802,13.4576,4.06359,26.793
32,5201,813,13.615,4.123,26.8216
32,5202,834,13.5408,4.11031,26.8082
32,5203,830,13.6373,4.17711,26.8072
32,5204,841,13.5696,4.12961,26.8561
32,5205,834,13.8321,4.26259,26.8921
32,5206,835,13.703,4.2024,26.9246
32,5207,845,13.6639,4.1929,26.9586
32,5208,849,13.6466,4.17668,27.0106
32,5209,846,13.6927,4.22104,26.9645
32,5210,833,13.6831,4.18968,26.9292
32,5211,831,13.6137,4.142,26.9916
32,5212,822,13.5596,4.13382,26.9878
32,5213,802,13.6733,4.18953,27.005
32,5214,802,13.9177,4.24314,26.9925
32,5215,818,13.8044,4.25672,27.0391
32,5216,824,13.9478,4.29612,27.0267
32,5217,822,13.6436,4.20438,27.0073
32,5218,815,13.4675,4.17546,27.0479
32,5219,814,13.7482,4.27396,27.0565
32,5220,813,13.54,4.15129,27.0504
32,5221,810,13.6062,4.18025,27.0148
32,5222,810,13.784,4.23951,27.0247
32,5223,821,13.7954,4.26675,27.028
32,5224,812,13.6047,4.20197,27.0123
32,5225,815,13.7534,4.22209,27.0012
32,5226,813,13.6236,4.16236,27.0037
32,5227,816,13.5944,4.18873,27.0711
32,5228,831,13.4934,4.16847,27.1143
32,5229,826,13.5412,4.16828,27.0775
32,5230,819,13.4982,4.15507,27.0476
32,5231,822,13.2178,4.07664,27.0389
32,5232,828,13.3249,4.1244,27.0628
32,5233,832,13.1502,4.06851,27.0986
32,5234,848,12.8738,3.97642,27.092
32,5235,846,12.9267,4.00473,27.078
32,5236,841,13.0404,4.00832,27.113
32,5237,831,12.9807,3.95548,27.1215
32,5238,819,13.0549,3.9536,27.1306
32,5239,798,13.2431,4.01504,27.1053
32,5240,804,13.0659,3.93035,27.0522
32,5241,798,13.213,3.98371,27.0251
32,5242,810,13.1704,3.95926,27.0025
32,5243,815,13.335,4.03681,27.0258
32,5244,821,13.408,4.10597,27.1303
32,5245,832,13.2873,4.07572,27.1466
32,5246,826,13.3148,4.02179,27.1695
32,5247,831,13.2948,4.02527,27.1336
32,5248,823,13.5067,4.11665,27.1519
32,5249,825,13.4364,4.10061,27.0909
32,5250,841,13.3769,4.07848,27.0916
32,5251,851,13.1821,4.02703,27.1187
32,5252,838,13.1909,4.03938,27.1169
32,5253,841,13.371,4.12842,27.0511
32,5254,846,13.3215,4.12884,27.0284
32,5255,847,13.0815,4.02952,27.0413
32,5256,843,13.21,4.07711,27.0391
32,5257,846,13.3475,4.10993,27.026
32,5258,857,13.0747,3.9965,27.0198
32,5259,845,13.1254,4.0213,26.9775
32,5260,840,13.5381,4.13095,26.9524
32,5261,842,13.3551,4.04394,26.9881
32,5262,859,13.3842,4.07916,26.9546
32,5263,864,13.294,4.05324,26.9282
32,5264,872,13.2408,4.05505,26.9725
32,5265,877,13.2121,4.02509,26.9601
32,5266,862,13.1056,3.95012,26.9327
32,5267,854,13.1452,3.96956,26.9953
32,5268,860,13.1523,3.99302,26.9953
32,5269,851,13.0905,3.96592,27.0059
32,5270,847,13.2432,4.00708,27.0201
32,5271,846,13.2199,3.987,26.9882
32,5272,838,13.2936,4.02387,26.9189
32,5273,827,13.2721,4.03023,26.9166
32,5274,823,13.1981,4.01701,26.9672
32,5275,820,13.172,4.02805,26.9878
32,5276,812,13.0973,3.98645,26.9631
32,5277,827,13.1185,4.02056,26.9456
32,5278,818,13.0171,4.00856,26.9144
32,5279,820,13.3183,4.09512,26.9415
32,5280,821,13.4263,4.15834,27.0183
32,5281,826,13.2252,4.06053,27.0412
32,5282,827,13.1294,4.04958,27.0907
32,5283,832,13.1082,4.04087,27.0721
32,5284,829,13.1556,4.05549,27.0808
32,5285,843,13.1364,4.05575,27.1198
32,5286,840,13.0786,4.02143,27.1
32,5287,835,13.0587,4.04431,27.1042
32,5288,841,13.3424,4.13199,27.0892
32,5289,852,13.2148,4.08451,27.0751
32,5290,852,13.4202,4.16432,27.0728
32,5291,848,13.5507,4.23821,27.0189
32,5292,851,13.3114,4.15746,26.9988
32,5293,847,13.3294,4.17237,26.9563
32,5294,853,13.3482,4.17233,26.9566
32,5295,844,13.2512,4.1173,26.9479
32,5296,848,13.2441,4.11675,26.9269
32,5297,836,13.2596,4.16148,26.9737
32,5298,824,13.318,4.11408,26.9757
32,5299,829,13.152,4.04463,27.0253
32,5300,823,13.4957,4.15431,27.0182
32,5301,833,13.4454,4.12605,27.0252
32,5302,844,13.3341,4.07227,27.0024
32,5303,849,13.3227,4.07774,27.0294
32,5304,844,13.4976,4.14573,27.0403
32,5305,838,13.5609,4.12768,27.0573
32,5306,837,13.6177,4.16726,27.0562
32,5307,823,13.8773,4.26367,27.0036
32,5308,822,13.6934,4.18735,27
32,5309,829,13.4837,4.0965,26.9964
32,5310,838,13.5322,4.13484,27.043
32,5311,836,13.4892,4.12799,27.0957
32,5312,843,13.4508,4.11507,27.1507
32,5313,844,13.4799,4.1327,27.1445
32,5314,848,13.4658,4.14976,27.1863
32,5315,848,13.4458,4.16509,27.1934
32,5316,842,13.4026,4.13895,27.1805
32,5317,853,13.2509,4.11606,27.1794
32,5318,843,12.7865,3.89205,27.2313
32,5319,835,12.7725,3.85629,27.2359
32,5320,835,12.7533,3.8479,27.2168
32,5321,830,12.7916,3.89157,27.212
32,5322,817,13.0037,3.95716,27.2044
32,5323,814,13.1474,4.00614,27.1204
32,5324,819,13.2613,4.04762,27.0867
32,5325,822,13.3041,4.08273,27.0584
32,5326,813,13.4576,4.14268,27.0234
32,5327,820,13.4,4.13171,26.9854
32,5328,821,13.2266,4.06577,26.9988
32,5329,823,13.3086,4.10936,27.0279
32,5330,835,13.6156,4.24431,27.0802
32,5331,836,13.5,4.21053,27.1172
32,5332,833,13.3421,4.15486,27.1573
32,5333,830,13.5614,4.2494,27.1855
32,5334,826,13.4734,4.2385,27.1937
32,5335,819,13.4615,4.2149,27.2259
32,5336,825,13.3818,4.19879,27.1394
32,5337,816,13.5674,4.25613,27.1324
32,5338,817,13.5129,4.23501,27.0942
32,5339,815,13.6012,4.31166,27.1975
32,5340,819,13.5897,4.29792,27.1331
32,5341,819,13.6337,4.29426,27.1526
32,5342,819,13.4396,4.26129,27.1697
32,5343,822,13.4501,4.28589,27.1776
32,5344,832,13.3954,4.22236,27.1947
32,5345,830,13.4313,4.18675,27.2265
32,5346,819,13.2247,4.12943,27.1868
32,5347,822,13.4307,4.1691,27.1825
32,5348,822,13.8273,4.28102,27.2214
32,5349,829,13.7551,4.269,27.2425
32,5350,831,13.5535,4.22022,27.2996
32,5351,831,13.6498,4.29483,27.3285
32,5352,836,13.5742,4.27512,27.3182
32,5353,839,13.4839,4.26579,27.3254
32,5354,834,13.476,4.2506,27.3765
32,5355,828,13.6848,4.3128,27.3768
32,5356,829,13.8528,4.38118,27.3703
32,5357,840,13.7869,4.40833,27.4286
32,5358,823,13.8542,4.44836,27.3998
32,5359,830,13.5578,4.35904,27.3904
32,5360,825,13.4315,4.27879,27.3527
32,5361,821,13.313,4.22777,27.3325
32,5362,803,13.1283,4.14695,27.3624
32,5363,803,13.2715,4.22167,27.3748
32,5364,798,13.6065,4.31454,27.3759
32,5365,784,13.7003,4.35204,27.398
32,5366,774,13.7364,4.36951,27.4031
32,5367,779,13.6816,4.34018,27.4352
32,5368,764,13.7906,4.37304,27.4215
32,5369,772,13.8484,4.39378,27.4741
32,5370,778,13.8432,4.42031,27.5141
32,5371,778,14.0064,4.491,27.4499
32,5372,781,13.5928,4.34315,27.4238
32,5373,777,13.6178,4.34106,27.4698
32,5374,791,13.6587,4.37168,27.4741
32,5375,801,13.5818,4.36704,27.4782
32,5376,799,13.5882,4.37797,27.4618
32,5377,800,13.3613,4.29125,27.4575
32,5378,802,13.5012,4.37157,27.5411
32,5379,797,13.4028,4.35759,27.5182
32,5380,791,13.3717,4.36662,27.5044
32,5381,777,13.3501,4.31403,27.4878
32,5382,774,13.2894,4.24031,27.4935
32,5383,777,13.2355,4.18919,27.5701
32,5384,773,13.3519,4.23803,27.4981
32,5385,792,13.447,4.26894,27.5833
32,5386,794,13.3967,4.24811,27.5819
32,5387,806,13.1774,4.16501,27.6526
32,5388,803,13.3076,4.18431,27.6663
32,5389,801,13.4257,4.2372,27.6255
32,5390,798,13.3058,4.2218,27.6416
32,5391,789,13.3536,4.26616,27.6578
32,5392,777,13.6564,4.40154,27.6551
32,5393,777,13.5212,4.32175,27.7014
32,5394,770,13.5104,4.30519,27.6831
32,5395,784,13.2844,4.22321,27.727
32,5396,775,13.2994,4.20387,27.7084
32,5397,781,13.265,4.20102,27.767
32,5398,801,13.0387,4.11111,27.7853
32,5399,797,13.1167,4.16186,27.7942
32,5400,804,13.2948,4.25995,27.8085
32,5401,794,13.3312,4.26071,27.7708
32,5402,801,13.2846,4.25343,27.7628
32,5403,791,13.1783,4.22756,27.8306
32,5404,788,13.1485,4.19797,27.8629
32,5405,773,13.3545,4.22768,27.8292
32,5406,765,13.5007,4.28105,27.7882
32,5407,769,13.5475,4.3433,27.7841
32,5408,762,13.563,4.34646,27.7874
32,5409,773,13.5252,4.29884,27.7827
32,5410,783,13.3206,4.23499,27.8059
32,5411,807,13.1227,4.15985,27.8587
32,5412,807,13.0843,4.16233,27.8637
32,5413,809,12.9654,4.1026,27.8467
32,5414,804,13.0709,4.1592,27.903
32,5415,804,12.949,4.10448,27.9005
32,5416,803,12.9091,4.07846,27.9054
32,5417,803,12.9377,4.08219,27.9701
32,5418,788,13.0305,4.13832,27.9645
32,5419,785,13.121,4.09809,27.9847
32,5420,797,13.0853,4.10916,27.9674
32,5421,814,12.855,4,27.9582
32,5422,820,12.9268,4.04634,28.0195
32,5423,816,13.0086,4.0674,28.1005
32,5424,813,13.2005,4.11931,28.1279
32,5425,817,13.1065,4.06732,28.1469
32,5426,810,13.0432,4.05062,28.1259
32,5427,819,12.851,3.99389,28.2247
32,5428,826,12.7385,3.97094,28.1913
32,5429,829,12.8625,4.00483,28.222
32,5430,828,12.7307,3.99155,28.2005
32,5431,826,12.8475,4.04722,28.2421
32,5432,816,13.2696,4.22426,28.2647
32,5433,809,13.1706,4.19654,28.2942
32,5434,813,13.2694,4.23985,28.2952
32,5435,820,13.4098,4.31707,28.278
32,5436,817,13.5031,4.33293,28.2717
32,5437,826,13.4225,4.28087,28.1937
32,5438,826,13.4334,4.25424,28.2324
32,5439,827,13.1717,4.11004,28.2709
32,5440,846,13.0686,4.10638,28.3499
32,5441,862,13.1415,4.16937,28.3991
32,5442,871,13.3088,4.24914,28.3881
32,5443,885,13.2893,4.32542,28.4339
32,5444,879,13.5415,4.40501,28.4596
32,5445,878,13.4419,4.39977,28.4738
32,5446,863,13.3905,4.38355,28.5238
32,5447,844,13.3009,4.34597,28.5142
32,5448,839,13.2718,4.35161,28.5173
32,5449,836,13.2512,4.29785,28.4928
32,5450,836,13.3792,4.33852,28.4091
32,5451,841,13.22,4.25922,28.3591
32,5452,828,13.4601,4.30918,28.3092
32,5453,821,13.2509,4.2363,28.3094
32,5454,825,13.1503,4.20727,28.3224
32,5455,837,13.1613,4.19833,28.325
32,5456,840,13.2012,4.175,28.3286
32,5457,855,13.3029,4.21637,28.3439
32,5458,863,13.416,4.22248,28.3013
32,5459,851,13.5993,4.29612,28.3337
32,5460,853,13.4713,4.21688,28.3423
32,5461,856,13.5269,4.26402,28.3201
32,5462,863,13.3604,4.19699,28.2642
32,5463,862,13.2448,4.15197,28.2622
32,5464,853,13.2274,4.16413,28.2907
32,5465,852,13.3263,4.2277,28.3122
32,5466,844,13.4336,4.25592,28.2773
32,5467,836,13.4378,4.26316,28.3708
32,5468,839,13.435,4.24315,28.3218
32,5469,823,13.548,4.26853,28.2795
32,5470,819,13.5873,4.26007,28.2515
32,5471,822,13.4927,4.21533,28.3114
32,5472,820,13.5659,4.24756,28.2561
32,5473,827,13.497,4.27811,28.2322
32,5474,837,13.3692,4.227,28.2437
32,5475,838,13.2566,4.16945,28.2243
32,5476,834,13.2206,4.17026,28.271
32,5477,830,13.2699,4.14699,28.2434
32,5478,825,13.2182,4.11152,28.2376
32,5479,817,13.1567,4.11138,28.2864
32,5480,809,13.3177,4.13473,28.3288
32,5481,804,13.3545,4.17662,28.3557
32,5482,804,13.4577,4.22512,28.3284
32,5483,804,13.2786,4.18159,28.3259
32,5484,808,13.1324,4.12624,28.3168
32,5485,796,13.2085,4.11683,28.2487
32,5486,801,13.2434,4.1211,28.2172
32,5487,791,13.3034,4.1024,28.1542
32,5488,777,13.1364,3.99614,28.1133
32,5489,783,13.1673,4.03704,28.0409
32,5490,780,13.2141,4.03718,28.0487
32,5491,790,13.1924,4.02911,28.043
32,5492,784,13.3737,4.07398,27.9974
32,5493,800,13.4075,4.09625,28.075
32,5494,816,13.4559,4.11397,28.0466
32,5495,813,13.3948,4.09963,28.0344
32,5496,810,13.5556,4.17531,28.0222
32,5497,818,13.6406,4.2445,28.0171
32,5498,830,13.5181,4.17108,27.9639
32,5499,824,13.1456,4.05097,27.9296
32,5500,830,13.1855,4.05301,27.9253
32,5501,840,13.2202,4.05357,27.9667
32,5502,833,13.2533,4.05882,27.9592
32,5503,830,13.2819,4.03253,27.9446
32,5504,837,13.5675,4.14098,27.957
32,5505,831,13.5174,4.12756,27.8724
32,5506,829,13.6248,4.15561,27.8818
32,5507,828,13.622,4.13527,27.9469
32,5508,819,13.6068,4.16484,27.9585
32,5509,812,13.7081,4.21305,27.968
32,5510,811,13.5401,4.17386,27.9211
32,5511,821,13.5238,4.19001,27.9586
32,5512,811,13.5573,4.21455,27.9088
32,5513,817,13.5998,4.27295,28.0049
32,5514,821,13.3276,4.16443,27.9854
32,5515,820,13.3841,4.18049,27.9683
32,5516,837,13.405,4.20669,27.9881
32,5517,826,13.2615,4.15981,27.9443
32,5518,817,13.3403,4.1836,27.9266
32,5519,828,13.2452,4.157,27.9879
32,5520,833,13.3097,4.16807,27.9832
32,5521,820,13.378,4.16707,27.9634
32,5522,825,13.2255,4.09455,28.0485
32,5523,831,13.3189,4.08785,28.0987
32,5524,822,13.2336,4.04623,28.1314
32,5525,826,12.9298,3.90799,28.0944
32,5526,826,13.1368,4.00484,28.1332
32,5527,815,12.984,3.94233,28.1644
32,5528,813,13.0984,3.97786,28.1476
32,5529,808,12.8824,3.88366,28.0817
32,5530,804,12.6679,3.78731,28.0871
32,5531,810,12.7753,3.82469,28.0395
32,5532,827,12.9323,3.91415,28.0242
32,5533,829,12.9674,3.96864,28.0386
32,5534,818,13.1296,4.04401,28.0587
32,5535,818,13.1919,4.04401,28.0244
32,5536,825,13.3564,4.08364,27.937
32,5537,830,13.2518,4.05542,27.9614
32,5538,827,12.9371,3.92503,27.9516
32,5539,812,12.9914,3.96059,27.9754
32,5540,813,12.9483,3.93973,27.9533
32,5541,821,13.0499,3.97199,27.9708
32,5542,816,13.0858,3.97181,27.9926
32,5543,819,13.0586,3.9304,27.9878
32,5544,826,12.9177,3.88862,27.9661
32,5545,842,12.7993,3.82779,28.0119
32,5546,839,12.5542,3.77354,28.0715
32,5547,848,12.5767,3.77005,28.0637
32,5548,840,12.8774,3.83571,28.0262
32,5549,840,13.0857,3.89405,28.0833
32,5550,836,13.1627,3.96172,28.0766
32,5551,830,13.1699,3.93133,28.0554
32,5552,824,13.1286,3.93932,28.0728
32,5553,813,13.1488,3.89053,28.0738
32,5554,802,13.3554,4,28.1147
32,5555,804,13.2848,3.94652,28.1045
32,5556,801,13.3596,4.00999,28.0949
32,5557,799,13.2691,4.01752,28.0651
32,5558,787,13.2643,3.99365,28.0127
32,5559,789,13.4246,4.10266,27.9873
32,5560,801,13.2335,4.06866,28
32,5561,806,13.2643,4.06079,27.9404
32,5562,817,13.1665,4.06977,28.022
32,5563,815,13.1975,4.03804,28.0123
32,5564,810,13.2284,4.02469,28.0444
32,5565,816,13.1115,4.01103,27.9902
32,5566,820,13.2171,4.02195,27.9585
32,5567,824,13.5267,4.1335,27.8981
32,5568,823,13.6829,4.20292,27.8882
32,5569,836,13.4797,4.13158,27.878
32,5570,849,13.2697,4.04005,27.9128
32,5571,848,13.263,4.02358,27.8632
32,5572,839,13.2968,4.01073,27.9142
32,5573,850,13.18,3.91765,27.88
32,5574,853,13.1055,3.90035,27.857
32,5575,848,13.1958,3.96934,27.8632
32,5576,851,13.2656,3.99647,27.8308
32,5577,848,13.3231,4.01887,27.9198
32,5578,831,13.3742,4.00722,27.8628
32,5579,850,13.3471,3.99059,27.8941
32,5580,851,13.4242,4.05053,27.9624
32,5581,842,13.4881,4.07007,28.0309
32,5582,834,13.3585,4.01918,28.0096
32,5583,849,13.338,4.02238,28.1084
32,5584,841,13.3353,4.0107,28.1451
32,5585,853,13.109,3.94138,28.1594
32,5586,851,13.0564,3.92362,28.1363
32,5587,856,13.0093,3.89019,28.1799
32,5588,852,13.0246,3.91784,28.1174
32,5589,855,13.0596,3.96608,28.1076
32,5590,854,13.1288,3.98009,28.0328
32,5591,850,12.8847,3.88471,28.04
32,5592,836,12.9258,3.87919,28.0574
32,5593,835,12.9952,3.87425,28.0216
32,5594,824,13.0388,3.87864,28.017
32,5595,833,13.1825,3.94238,28.0504
32,5596,836,13.1017,3.87919,27.9737
32,5597,837,13.2652,3.94504,27.9618
32,5598,832,13.137,3.88101,27.9952
32,5599,835,13.3605,3.98443,28.0862
32,5600,836,13.2967,4.02033,28.122
32,5601,839,13.435,4.00715,28.0787
32,5602,829,13.4596,4.01327,28.0169
32,5603,837,13.2772,3.94624,28.0167
32,5604,849,13.4346,4.02945,28.0141
32,5605,834,13.3237,4.006,28.0384
32,5606,809,13.1669,3.96663,28.0148
32,5607,813,13.1624,3.99877,28.0566
32,5608,815,13.4344,4.09325,28.0761
32,5609,810,13.2148,3.96296,28.079
32,5610,818,13.0917,3.92543,28.0611
32,5611,815,13.0405,3.93006,28.0712
32,5612,819,13.1184,3.96703,28.1197
32,5613,819,13.1355,3.95604,28.1221
32,5614,830,13.2217,3.96867,28.1253
32,5615,830,13.2096,3.95663,28.1614
32,5616,825,13.1515,3.87273,28.1842
32,5617,820,13.2268,3.90366,28.2049
32,5618,828,13.308,3.95531,28.1957
32,5619,831,13.1625,3.94224,28.1805
32,5620,813,13.0689,3.88684,28.1574
32,5621,813,12.9471,3.80197,28.0935
32,5622,809,12.9716,3.83189,28.1286
32,5623,803,12.8804,3.79328,28.1569
32,5624,797,12.9134,3.80176,28.1731
32,5625,806,13.165,3.90323,28.2109
32,5626,820,13.161,3.90244,28.1463
32,5627,818,12.9841,3.8423,28.1883
32,5628,819,13.0708,3.87424,28.1294
32,5629,816,13.1679,3.92157,28.1691
32,5630,829,13.1351,3.9421,28.1689
32,5631,828,13.2222,3.94565,28.1643
32,5632,820,13.4256,4.02439,28.178
32,5633,826,13.408,4.05932,28.2397
32,5634,832,13.0541,3.95312,28.2452
32,5635,836,13.1112,3.95215,28.1818
32,5636,833,13.2005,3.97719,28.1537
32,5637,832,13.4327,4.02885,28.1178
32,5638,833,13.551,4.09724,28.1801
32,5639,835,13.5545,4.08862,28.1317
32,5640,837,13.736,4.19713,28.1219
32,5641,843,13.5979,4.13405,28.1756
32,5642,831,13.6185,4.12876,28.1468
32,5643,838,13.7029,4.1778,28.0907
32,5644,831,13.8014,4.23345,28.1396
32,5645,836,13.4306,4.13038,28.1651
32,5646,824,13.5133,4.20146,28.2087
32,5647,825,13.56,4.22182,28.1285
32,5648,828,13.6981,4.28261,28.1643
32,5649,827,13.6917,4.25151,28.1935
32,5650,828,13.5097,4.17754,28.1256
32,5651,840,13.6655,4.27143,28.2048
32,5652,843,13.5125,4.22301,28.2135
32,5653,836,13.1794,4.05383,28.1842
32,5654,828,13.2174,4.04106,28.1449
32,5655,836,13.3301,4.10287,28.201
32,5656,837,13.399,4.13978,28.2031
32,5657,843,13.414,4.14828,28.1613
32,5658,849,13.3486,4.12132,28.2049
32,5659,864,13.3171,4.14005,28.2106
32,5660,868,13.2949,4.1129,28.2235
32,5661,869,13.16,4.13234,28.1818
32,5662,872,13.1158,4.09748,28.1972
32,5663,877,13.1425,4.11288,28.1619
32,5664,862,13.1879,4.13805,28.1439
32,5665,858,13.2401,4.12471,28.1492
32,5666,854,13.3326,4.14871,28.1475
32,5667,862,13.3039,4.16125,28.2227
32,5668,855,13.2713,4.12749,28.124
32,5669,863,13.1784,4.06257,28.0927
32,5670,862,13.0974,4.04872,28.0719
32,5671,872,13.3165,4.13303,28.1399
32,5672,883,13.0272,4.03171,28.1721
32,5673,869,13.1116,4.06444,28.1473
32,5674,878,13.115,4.0672,28.1116
32,5675,872,13.1284,4.00344,28.094
32,5676,883,12.9388,3.96263,28.1065
32,5677,884,12.724,3.86765,28.1357
32,5678,893,12.8331,3.91489,28.0582
32,5679,889,12.6873,3.86727,28.0405
32,5680,880,12.7489,3.88864,28.0636
32,5681,871,12.5557,3.80023,28.0482
32,5682,869,12.7526,3.87802,27.9678
32,5683,868,12.9297,3.9735,27.97
32,5684,871,12.6831,3.8783,27.9173
32,5685,890,12.5011,3.83708,27.9393
32,5686,897,12.5072,3.81828,27.9331
32,5687,895,12.6291,3.84916,28.0268
32,5688,878,12.7096,3.85308,27.9818
32,5689,881,12.6436,3.8286,27.9682
32,5690,889,12.7458,3.85939,27.8988
32,5691,890,12.9011,3.91798,27.8944
32,5692,871,12.9552,3.95637,27.9127
32,5693,879,13.0284,3.99772,27.8658
32,5694,882,13.093,4.02721,27.8617
32,5695,869,13.1174,4.02417,27.8757
32,5696,864,13.3438,4.08912,27.919
32,5697,845,13.5219,4.13373,27.9124
32,5698,844,13.5261,4.10427,27.9242
32,5699,840,13.4417,4.05,27.9095
32,5700,852,13.3674,4.06455,27.8732
32,5701,862,13.0963,3.97912,27.8724
32,5702,856,12.9942,3.91822,27.8762
32,5703,856,13.0199,3.91472,27.8692
32,5704,847,12.9244,3.87603,27.8135
32,5705,853,13.0469,3.95311,27.7796
32,5706,856,13.0129,3.98131,27.8084
32,5707,850,13.0576,4,27.8
32,5708,855,13.2316,4.07251,27.7427
32,5709,853,13.3189,4.11723,27.7444
32,5710,856,13.2827,4.11098,27.6495
32,5711,843,13.4021,4.17912,27.656
32,5712,842,13.5166,4.21259,27.5962
32,5713,841,13.4768,4.20452,27.6029
32,5714,833,13.479,4.18968,27.6423
32,5715,820,13.5037,4.17561,27.6073
32,5716,836,13.4402,4.17105,27.5718
32,5717,821,13.5822,4.22168,27.5834
32,5718,820,13.4451,4.16341,27.5756
32,5719,812,13.5776,4.19951,27.5074
32,5720,816,13.6385,4.18873,27.4706
32,5721,806,13.7667,4.19851,27.4491
32,5722,786,13.6832,4.16031,27.4936
32,5723,790,13.5291,4.13671,27.5494
32,5724,798,13.6341,4.22055,27.5639
32,5725,783,13.8736,4.29885,27.553
32,5726,773,13.8836,4.35446,27.5731
32,5727,780,13.8308,4.36667,27.5846
32,5728,789,13.6844,4.33207,27.6046
32,5729,787,13.3126,4.12325,27.5654
32,5730,782,13.1982,4.1023,27.5882
32,5731,787,13.0508,4.06226,27.6976
32,5732,775,13.1213,4.11613,27.7523
32,5733,778,13.0874,4.08612,27.7429
32,5734,780,13.141,4.09744,27.7026
32,5735,796,12.9837,4.06407,27.7889
32,5736,793,13.1463,4.10971,27.8235
32,5737,801,13.176,4.12235,27.8327
32,5738,806,13.1576,4.08189,27.8015
32,5739,798,13.2594,4.12531,27.817
32,5740,785,13.5236,4.19873,27.8318
32,5741,773,13.2988,4.12678,27.8577
32,5742,774,13.2481,4.08656,27.8786
32,5743,783,13.2158,4.07024,27.8646
32,5744,783,13.235,4.08429,27.8825
32,5745,790,13.2835,4.13291,27.9418
32,5746,797,13.3927,4.15935,27.9774
32,5747,800,13.3375,4.1175,27.9375
32,5748,792,13.1793,4.04167,27.9419
32,5749,794,13.1524,3.97985,27.8917
32,5750,788,12.8997,3.85914,27.8249
32,5751,795,12.9698,3.90063,27.8038
32,5752,800,12.8725,3.91125,27.7875
32,5753,795,12.9849,3.9522,27.7937
32,5754,791,13.1694,4.03666,27.7497
32,5755,787,13.1919,4.04828,27.7205
32,5756,775,13.2374,4.06839,27.7239
32,5757,775,13.1329,4.02968,27.7574
32,5758,772,13.1477,4.06477,27.7798
32,5759,786,13.1234,4.05216,27.8117
32,5760,781,13.0743,4.0064,27.8284
32,5761,786,13.1603,4.06997,27.8753
32,5762,781,13.2791,4.07298,27.9257
32,5763,784,13.1939,4.04592,27.8929
32,5764,785,13.3873,4.10191,27.9236
32,5765,784,13.5153,4.1352,27.9388
32,5766,804,13.3184,4.05224,27.9478
32,5767,815,13.3595,4.0589,27.9092
32,5768,820,13.6878,4.17561,27.8683
32,5769,814,13.6806,4.19287,27.8231
32,5770,821,13.4044,4.11937,27.7345
32,5771,825,13.5952,4.18667,27.743
32,5772,825,13.3927,4.12485,27.7624
32,5773,816,13.4804,4.15441,27.8015
32,5774,820,13.4183,4.16585,27.822
32,5775,817,13.5741,4.18849,27.8066
32,5776,800,13.72,4.24375,27.82
32,5777,797,13.6537,4.20828,27.8218
32,5778,798,13.6717,4.18672,27.7594
32,5779,798,13.7118,4.20175,27.7318
32,5780,808,13.5111,4.1052,27.7153
32,5781,820,13.05,3.91585,27.7463
32,5782,823,12.9441,3.85784,27.7035
32,5783,827,13.0738,3.91778,27.6904
32,5784,834,12.8981,3.86091,27.705
32,5785,829,12.9023,3.88902,27.7346
32,5786,834,12.4928,3.7518,27.7098
32,5787,840,12.6964,3.79405,27.7143
32,5788,835,12.5964,3.73772,27.7198
32,5789,826,12.2688,3.59927,27.661
32,5790,819,12.4261,3.64713,27.6386
32,5791,804,12.541,3.68035,27.6368
32,5792,805,12.4609,3.61242,27.6398
32,5793,813,12.679,3.72571,27.6753
32,5794,811,13.0025,3.83847,27.672
32,5795,795,13.2943,3.94591,27.6704
32,5796,795,13.2214,3.9044,27.6277
32,5797,788,13.2081,3.87817,27.6701
32,5798,795,13.2302,3.8566,27.527
32,5799,806,13.1526,3.84864,27.4963
32,5800,808,13.0644,3.79084,27.547
32,5801,817,13.0771,3.79804,27.5177
32,5802,825,13.1539,3.80242,27.4545
32,5803,822,13.129,3.83212,27.4088
32,5804,817,13.1273,3.78703,27.4027
32,5805,800,13.25,3.83875,27.455
32,5806,800,13.0337,3.7525,27.405
32,5807,813,12.786,3.64453,27.3875
32,5808,804,12.8831,3.6791,27.3582
32,5809,809,12.9333,3.73671,27.3622
32,5810,812,12.8645,3.68227,27.3473
32,5811,805,12.9466,3.67826,27.3466
32,5812,813,13.0074,3.71341,27.3924
32,5813,817,12.8666,3.66095,27.4027
32,5814,818,12.6736,3.60147,27.3912
32,5815,820,12.7329,3.60732,27.322
32,5816,831,12.8207,3.64741,27.3213
32,5817,835,12.8898,3.66826,27.2982
32,5818,838,13.0286,3.74224,27.3628
32,5819,842,13.0143,3.75059,27.4038
32,5820,838,12.9905,3.75418,27.4224
32,5821,843,12.8624,3.71767,27.4638
32,5822,865,13.1168,3.83121,27.4543
32,5823,872,13.1468,3.83601,27.4541
32,5824,875,13.1771,3.88,27.4171
32,5825,876,13.3276,3.94406,27.4658
32,5826,871,13.287,3.88978,27.442
32,5827,881,13.3053,3.92395,27.437
32,5828,884,13.1765,3.84615,27.4321
32,5829,894,13.0984,3.81544,27.4586
32,5830,887,13.1195,3.79369,27.4453
32,5831,887,12.9425,3.71139,27.4476
32,5832,888,13.1329,3.79842,27.4369
32,5833,882,13.1066,3.77098,27.4807
32,5834,881,13.2338,3.78434,27.4869
32,5835,873,13.3116,3.80069,27.441
32,5836,855,13.1064,3.72281,27.4199
32,5837,856,13.0958,3.71145,27.4159
32,5838,859,13.1548,3.71828,27.4272
32,5839,863,12.971,3.62225,27.4438
32,5840,874,13.0206,3.63844,27.4096
32,5841,877,12.9544,3.65564,27.4595
32,5842,884,13.0385,3.69005,27.4525
32,5843,868,13.2154,3.79147,27.4654
32,5844,874,12.9748,3.74256,27.4142
32,5845,877,13.0274,3.76055,27.3797
32,5846,868,12.9712,3.79147,27.4447
32,5847,859,13.0687,3.83236,27.5204
32,5848,857,13.266,3.89965,27.5076
32,5849,860,13.2826,3.94302,27.5116
32,5850,864,13.2824,3.90046,27.5417
32,5851,863,13.2433,3.88876,27.511
32,5852,865,13.185,3.88439,27.563
32,5853,882,13.1746,3.87528,27.5442
32,5854,883,13.06,3.82673,27.5402
32,5855,898,13.0947,3.84855,27.5768
32,5856,889,13.0922,3.87402,27.6243
32,5857,900,13.1289,3.87444,27.68
32,5858,908,13.348,3.9967,27.6542
32,5859,907,13.2635,3.94046,27.5722
32,5860,891,13.4175,3.98541,27.5039
32,5861,882,13.4524,3.97506,27.4603
32,5862,884,13.3563,3.92986,27.4412
32,5863,887,13.4758,3.96167,27.4386
32,5864,891,13.4355,3.93266,27.376
32,5865,886,13.4289,3.92099,27.3815
32,5866,888,13.4212,3.89865,27.3514
32,5867,893,13.3863,3.90482,27.3124
32,5868,899,13.5083,3.97219,27.3014
32,5869,911,13.4094,3.96707,27.3677
32,5870,923,13.3402,3.96425,27.3889
32,5871,919,13.1926,3.84548,27.4015
32,5872,893,13.0773,3.76148,27.3259
32,5873,873,13.0241,3.68156,27.2348
32,5874,881,12.849,3.60726,27.2554
32,5875,883,13.0034,3.66025,27.2525
32,5876,871,13.1504,3.69231,27.2423
32,5877,869,13.244,3.68009,27.2106
32,5878,869,13.4994,3.79747,27.2152
32,5879,866,13.6594,3.87182,27.1963
32,5880,861,13.6504,3.86992,27.1893
32,5881,861,13.5877,3.81417,27.1336
32,5882,861,13.2567,3.69686,27.0801
32,5883,866,13.351,3.73557,27.0346
32,5884,862,13.3701,3.73318,27.0046
32,5885,874,13.381,3.73112,27.0229
32,5886,885,13.4712,3.79774,27.0282
32,5887,880,13.2455,3.7,26.9545
32,5888,885,13.3616,3.74011,26.9944
32,5889,889,13.1991,3.69516,27.0236
32,5890,875,12.9509,3.6,27.056
32,5891,882,13.0068,3.60544,27.0975
32,5892,896,13.0234,3.60714,27.1004
32,5893,896,13.1239,3.66295,27.0335
32,5894,898,13.2606,3.70045,27.0067
32,5895,894,13.4262,3.75168,26.9642
32,5896,906,13.5143,3.77042,26.947
32,5897,907,13.3605,3.71334,26.9482
32,5898,916,13.4094,3.72271,26.9192
32,5899,918,13.2898,3.72985,26.939
32,5900,926,13.1879,3.69006,26.9114
32,5901,916,13.262,3.71834,26.9476
32,5902,926,13.0259,3.60367,26.9071
32,5903,939,13.0788,3.65708,26.9116
32,5904,943,13.2015,3.69989,26.948
32,5905,959,12.9499,3.61418,26.9614
32,5906,948,12.8006,3.56224,26.9219
32,5907,947,12.868,3.59029,26.868
32,5908,951,12.8854,3.5836,26.8391
32,5909,944,12.7722,3.5339,26.8157
32,5910,937,12.8388,3.55283,26.8004
32,5911,940,12.9383,3.55213,26.7787
32,5912,920,13.1337,3.60652,26.7761
32,5913,909,13.242,3.66007,26.8075
32,5914,915,12.9738,3.56066,26.8656
32,5915,916,13.2074,3.631,26.8275
32,5916,914,13.0853,3.55142,26.849
32,5917,915,12.9049,3.51803,26.8109
32,5918,933,12.926,3.55413,26.8617
32,5919,934,13,3.59101,26.8994
32,5920,931,12.7744,3.49409,26.8593
32,5921,935,13.1176,3.62246,26.9262
32,5922,951,12.9727,3.60463,26.938
32,5923,955,13.1016,3.64712,26.9152
32,5924,940,13.0426,3.62447,26.8447
32,5925,940,12.984,3.58617,26.8383
32,5926,936,13.1603,3.65598,26.8333
32,5927,921,13.2693,3.71553,26.8339
32,5928,940,13.3128,3.70745,26.8362
32,5929,948,13.3608,3.70675,26.7257
32,5930,939,13.3727,3.71459,26.7433
32,5931,948,13.1667,3.64135,26.7131
32,5932,928,13.0517,3.55711,26.681
32,5933,939,12.5687,3.37806,26.7306
32,5934,936,12.7062,3.46261,26.7521
32,5935,940,12.6819,3.48298,26.7894
32,5936,927,12.4833,3.35491,26.7487
32,5937,927,12.4833,3.41208,26.7033
32,5938,911,12.6817,3.48738,26.6915
32,5939,918,12.5272,3.44009,26.6405
32,5940,909,12.5545,3.37844,26.5963
32,5941,915,12.6142,3.41639,26.5792
32,5942,925,12.6692,3.41297,26.5341
32,5943,936,12.4605,3.34081,26.4915
32,5944,937,12.7257,3.43436,26.4867
32,5945,935,12.8556,3.45775,26.4642
32,5946,940,12.4383,3.30851,26.5319
32,5947,935,12.6364,3.3754,26.4941
32,5948,925,12.6703,3.36973,26.4843
32,5949,919,12.8509,3.43308,26.4744
32,5950,923,12.7779,3.42145,26.5244
32,5951,921,12.8708,3.44734,26.5364
32,5952,924,12.7424,3.40909,26.5649
32,5953,928,12.6455,3.42457,26.597
32,5954,932,12.6534,3.43026,26.6288
32,5955,927,12.7066,3.43797,26.6278
32,5956,928,12.6584,3.43319,26.6552
32,5957,926,12.6609,3.42009,26.676
32,5958,926,12.7052,3.43844,26.6609
32,5959,933,12.731,3.44373,26.6881
32,5960,917,12.7852,3.4711,26.6696
32,5961,925,12.7038,3.44324,26.6032
32,5962,932,12.7521,3.45386,26.5966
32,5963,943,12.7253,3.43372,26.6045
32,5964,949,12.6934,3.46259,26.5753
32,5965,944,12.5996,3.46928,26.5445
32,5966,952,12.5966,3.48845,26.5756
32,5967,951,12.612,3.47003,26.5994
32,5968,939,12.3706,3.35463,26.6092
32,5969,941,12.4899,3.39001,26.644
32,5970,946,12.7199,3.43869,26.6131
32,5971,941,12.8023,3.50478,26.678
32,5972,946,12.5951,3.43446,26.666
32,5973,953,12.6642,3.48269,26.7324
32,5974,955,12.6743,3.46387,26.7016
32,5975,941,12.796,3.48565,26.627
32,5976,949,12.7482,3.49842,26.6807
32,5977,935,12.492,3.38075,26.6289
32,5978,929,12.3412,3.3423,26.6416
32,5979,929,12.5382,3.42519,26.6265
32,5980,938,12.7015,3.49147,26.6375
32,5981,946,12.8066,3.52326,26.649
32,5982,933,12.7803,3.51876,26.6281
32,5983,924,12.7955,3.52814,26.5996
32,5984,915,12.7639,3.51475,26.612
32,5985,922,12.7039,3.50868,26.6421
32,5986,926,12.7009,3.54212,26.6479
32,5987,926,12.5292,3.49676,26.6652
32,5988,909,12.6865,3.55886,26.7085
32,5989,900,12.7689,3.58444,26.6933
32,5990,898,12.7027,3.54677,26.6882
32,5991,906,12.8466,3.58168,26.7086
32,5992,912,12.8772,3.57566,26.7127
32,5993,910,13.0604,3.58462,26.6747
32,5994,915,13.0098,3.59672,26.6492
32,5995,914,13.0744,3.62473,26.5864
32,5996,914,13.1543,3.64223,26.558
32,5997,906,13.0276,3.59823,26.5607
32,5998,894,13.0157,3.5962,26.5414
32,5999,895,12.9732,3.61564,26.5609
32,6000,902,12.949,3.6153,26.5521
32,6001,897,12.9431,3.60981,26.5262
32,6002,907,12.9603,3.63065,26.5028
32,6003,901,12.9945,3.65261,26.4972
32,6004,892,13.2108,3.70852,26.4731
32,6005,902,12.9346,3.64745,26.4745
32,6006,888,13.0236,3.67793,26.4662
32,6007,889,13.0292,3.65917,26.5647
32,6008,903,13.1141,3.71761,26.5869
32,6009,880,13.2977,3.75227,26.6091
32,6010,884,13.336,3.79638,26.6584
32,6011,874,13.397,3.83066,26.73
32,6012,870,13.1966,3.72529,26.6644
32,6013,872,13.1124,3.72477,26.7362
32,6014,873,13.1478,3.75487,26.7766
32,6015,872,13.211,3.78326,26.8073
32,6016,866,13.1559,3.79099,26.8661
32,6017,857,13.4142,3.87048,26.9195
32,6018,856,13.4544,3.90304,26.965
32,6019,850,13.0176,3.74235,26.9929
32,6020,857,12.8413,3.66511,27.0058
32,6021,849,12.8763,3.67609,27.0365
32,6022,841,12.9857,3.72533,27.0107
32,6023,837,13.1541,3.7491,27.0514
32,6024,837,13.2162,3.79928,27.08
32,6025,840,13.2452,3.80833,27.0976
32,6026,843,13.2883,3.77343,27.0463
32,6027,850,13.2518,3.75176,27.0141
32,6028,857,13.3559,3.85064,26.9872
32,6029,852,13.1538,3.79812,26.9812
32,6030,859,13.383,3.88475,26.9732
32,6031,868,13.4539,3.93548,27.0023
32,6032,857,13.5193,3.91949,26.9172
32,6033,852,13.5352,3.89671,26.8638
32,6034,864,13.6181,3.97338,26.9352
32,6035,853,13.3798,3.88628,27.0035
32,6036,863,13.1866,3.84705,27.0545
32,6037,855,13.4175,3.91111,26.9871
32,6038,865,13.4867,3.8948,26.9434
32,6039,886,13.4853,3.93228,26.9707
32,6040,904,13.354,3.88938,26.885
32,6041,907,13.4972,3.92944,26.8754
32,6042,913,13.3439,3.89047,26.8719
32,6043,900,13.0722,3.82444,26.9156
32,6044,880,13.2239,3.82841,26.8727
32,6045,862,13.2367,3.83179,26.8376
32,6046,867,13.2341,3.83737,26.8258
32,6047,861,13.0883,3.78281,26.8618
32,6048,862,13.1705,3.84339,26.8469
32,6049,866,13.1651,3.86605,26.8106
32,6050,860,12.957,3.77791,26.7791
32,6051,867,13.0427,3.81546,26.7405
32,6052,860,13.0163,3.83721,26.6907
32,6053,853,12.8429,3.7796,26.7081
32,6054,845,12.903,3.79053,26.6935
32,6055,848,12.9222,3.79835,26.7264
32,6056,857,12.9265,3.77713,26.7445
32,6057,854,13.0047,3.77869,26.7213
32,6058,852,12.9812,3.77347,26.7488
32,6059,857,12.9277,3.74562,26.7468
32,6060,852,13.0493,3.78756,26.7441
32,6061,864,12.941,3.7662,26.7639
32,6062,874,12.8822,3.75973,26.7529
32,6063,879,12.7463,3.72355,26.7327
32,6064,883,12.7044,3.7316,26.752
32,6065,889,12.6232,3.74241,26.7132
32,6066,878,12.967,3.88497,26.7062
32,6067,872,13.1755,3.92431,26.7064
32,6068,857,13.3139,3.99417,26.7188
32,6069,851,13.349,3.97532,26.6675
32,6070,854,13.2436,3.93794,26.6581
32,6071,864,13.088,3.90278,26.6597
32,6072,860,12.807,3.81977,26.7442
32,6073,848,12.6085,3.74292,26.7453
32,6074,844,12.7073,3.81517,26.7607
32,6075,848,12.7347,3.77241,26.7429
32,6076,866,12.7125,3.76097,26.7598
32,6077,877,12.6842,3.74116,26.7229
32,6078,856,12.6554,3.73949,26.7383
32,6079,850,12.6082,3.76118,26.7129
32,6080,846,12.7837,3.77778,26.6832
32,6081,842,12.8872,3.79454,26.5891
32,6082,837,12.8411,3.77419,26.5568
32,6083,836,12.8816,3.79187,26.5072
32,6084,826,13.0097,3.78329,26.4286
32,6085,831,13.1974,3.86041,26.414
32,6086,831,13.1685,3.84838,26.3273
32,6087,815,12.9362,3.70061,26.2503
32,6088,797,13.2284,3.76286,26.2108
32,6089,811,13.2195,3.75462,26.2565
32,6090,795,13.3547,3.78742,26.2164
32,6091,794,13.3161,3.72418,26.1914
32,6092,807,13.2094,3.72243,26.2082
32,6093,805,13.2373,3.71056,26.2385
32,6094,801,13.4744,3.7965,26.2172
32,6095,809,13.2423,3.67614,26.1632
32,6096,806,13.1141,3.634,26.1266
32,6097,818,13.2934,3.67971,26.0905
32,6098,821,13.4702,3.71255,26.0755
32,6099,821,13.391,3.70402,26.0024
32,6100,825,13.3139,3.74545,26.0509
32,6101,828,13.4529,3.79227,26.0242
32,6102,843,13.497,3.80546,25.9526
32,6103,840,13.5167,3.83571,26.0571
32,6104,845,13.432,3.80592,26.0899
32,6105,855,13.1474,3.70409,26.145
32,6106,864,13.1134,3.67014,26.0903
32,6107,848,12.9552,3.61085,26.1392
32,6108,841,13.0951,3.65993,26.1118
32,6109,856,12.9019,3.55491,26.0888
32,6110,856,13.0432,3.58762,26.1355
32,6111,865,13.0162,3.61156,26.2104
32,6112,851,13.1046,3.66392,26.2609
32,6113,854,13.3525,3.75293,26.2834
32,6114,862,13.348,3.75058,26.3271
32,6115,849,13.3875,3.7609,26.3746
32,6116,848,13.2111,3.72877,26.4623
32,6117,865,13.1572,3.70058,26.5064
32,6118,863,13.1078,3.70684,26.4867
32,6119,857,13.3244,3.83664,26.5414
32,6120,848,13.3797,3.87382,26.5142
32,6121,843,13.4994,3.90629,26.5125
32,6122,858,13.38,3.84499,26.5268
32,6123,865,13.4023,3.82428,26.4185
32,6124,862,13.4745,3.85615,26.4385
32,6125,860,13.436,3.83256,26.4628
32,6126,867,13.3172,3.75779,26.4175
32,6127,868,13.1406,3.67972,26.3456
32,6128,862,13.2657,3.70998,26.2993
32,6129,861,13.0186,3.62834,26.3368
32,6130,866,12.8383,3.59007,26.3903
32,6131,862,12.7216,3.56729,26.355
32,6132,871,12.8393,3.6085,26.3927
32,6133,881,12.6674,3.55619,26.4404
32,6134,874,12.8146,3.61098,26.4027
32,6135,863,12.8586,3.62804,26.3893
32,6136,850,13.0082,3.65294,26.3435
32,6137,847,13.0142,3.63046,26.3495
32,6138,844,13.263,3.70853,26.327
32,6139,853,13.1723,3.67526,26.3259
32,6140,860,13.2605,3.69767,26.3256
32,6141,858,13.155,3.65501,26.3054
32,6142,860,13.1802,3.6593,26.2977
32,6143,870,13.1724,3.68851,26.2529
32,6144,880,12.8591,3.6,26.3
32,6145,888,12.8333,3.59459,26.3356
32,6146,889,12.8605,3.64229,26.3555
32,6147,898,12.804,3.59688,26.2829
32,6148,900,12.7889,3.59889,26.3333
32,6149,895,12.6525,3.55866,26.438
32,6150,897,12.7748,3.61427,26.4348
32,6151,901,12.545,3.52941,26.4151
32,6152,907,12.7166,3.55678,26.4587
32,6153,897,12.9365,3.63657,26.4504
32,6154,901,12.9822,3.64262,26.4151
32,6155,899,12.8554,3.58954,26.436
32,6156,899,12.9277,3.59066,26.4917
32,6157,924,12.9167,3.60498,26.4957
32,6158,931,12.8797,3.59828,26.4812
32,6159,912,12.8596,3.5932,26.5066
32,6160,907,12.9603,3.6097,26.5248
32,6161,898,13.1748,3.69488,26.5501
32,6162,881,13.067,3.59818,26.5607
32,6163,882,12.8583,3.47052,26.4694
32,6164,885,13.0249,3.53785,26.4701
32,6165,898,12.9332,3.51893,26.4209
32,6166,898,12.9833,3.53007,26.4432
32,6167,906,12.9801,3.53642,26.4238
32,6168,909,13.1727,3.61826,26.4598
32,6169,912,12.8849,3.54386,26.4759
32,6170,900,13.01,3.57556,26.4622
32,6171,905,13.0994,3.62431,26.3912
32,6172,914,13.1805,3.64223,26.4223
32,6173,917,12.9836,3.60414,26.4667
32,6174,912,13.0636,3.63925,26.4496
32,6175,906,12.9547,3.5883,26.4746
32,6176,909,12.6766,3.51045,26.407
32,6177,902,12.7461,3.51774,26.4102
32,6178,877,12.5462,3.43786,26.4584
32,6179,873,12.5544,3.43414,26.4948
32,6180,877,12.6249,3.4504,26.4949
32,6181,895,12.5732,3.45363,26.5028
32,6182,899,12.4494,3.44271,26.4761
32,6183,899,12.3304,3.39377,26.4538
32,6184,897,12.243,3.35897,26.5151
32,6185,909,12.3971,3.41804,26.495
32,6186,883,12.4575,3.42695,26.5617
32,6187,891,12.4994,3.44781,26.5522
32,6188,904,12.4314,3.44027,26.5487
32,6189,899,12.4961,3.47052,26.5406
32,6190,889,12.5377,3.49494,26.5714
32,6191,884,12.7229,3.53281,26.5611
32,6192,882,12.7086,3.52268,26.5737
32,6193,898,12.8764,3.60022,26.5813
32,6194,896,12.8426,3.60379,26.5893
32,6195,896,12.8025,3.61942,26.6049
32,6196,903,12.7785,3.6567,26.6489
32,6197,896,12.8527,3.69531,26.6473
32,6198,908,12.7577,3.71366,26.663
32,6199,914,12.8643,3.72867,26.6893
32,6200,904,13.0531,3.75664,26.6969
32,6201,901,12.9623,3.73918,26.7103
32,6202,905,12.8751,3.67182,26.6674
32,6203,914,12.7079,3.58534,26.6521
32,6204,916,12.7937,3.6059,26.6048
32,6205,924,12.6894,3.60714,26.6775
32,6206,918,12.7593,3.62854,26.6863
32,6207,906,12.7472,3.61369,26.7042
32,6208,902,12.755,3.6286,26.7672
32,6209,894,12.7673,3.65436,26.7517
32,6210,893,12.6663,3.61142,26.7346
32,6211,903,12.794,3.66888,26.7265
32,6212,900,12.6711,3.61667,26.7067
32,6213,892,12.8744,3.68161,26.6682
32,6214,890,13.0079,3.74157,26.6494
32,6215,897,12.806,3.69677,26.709
32,6216,892,13.0135,3.7926,26.722
32,6217,892,13.1155,3.82063,26.6794
32,6218,892,13.0919,3.83632,26.6794
32,6219,899,13.0234,3.80423,26.6719
32,6220,891,13.018,3.83614,26.642
32,6221,887,12.8467,3.79707,26.5862
32,6222,887,12.8591,3.77452,26.5908
32,6223,868,12.7465,3.74078,26.6129
32,6224,857,12.8693,3.74679,26.6464
32,6225,856,12.6624,3.70093,26.7383
32,6226,856,12.7699,3.68107,26.6355
32,6227,854,12.9145,3.76464,26.6393
32,6228,853,12.9203,3.7585,26.6401
32,6229,844,12.9751,3.74645,26.5995
32,6230,835,12.8647,3.71856,26.6108
32,6231,821,12.7856,3.6553,26.6163
32,6232,815,12.8957,3.69816,26.5742
32,6233,823,13.1094,3.77886,26.5954
32,6234,822,13.2092,3.80779,26.5815
32,6235,813,13.1611,3.78475,26.4822
32,6236,814,13.1179,3.75676,26.4349
32,6237,801,13.1099,3.72285,26.4195
32,6238,809,13.1446,3.75155,26.4425
32,6239,826,13.1695,3.7954,26.4625
32,6240,828,13.0942,3.77657,26.4396
32,6241,828,13.2258,3.77536,26.4034
32,6242,842,13.2007,3.81235,26.4418
32,6243,849,13.4287,3.90577,26.5041
32,6244,853,13.2556,3.88628,26.4736
32,6245,857,13.224,3.88331,26.4644
32,6246,864,13.2245,3.88542,26.4491
32,6247,858,13.5326,3.9697,26.3333
32,6248,863,13.3963,3.90614,26.3662
32,6249,866,13.3372,3.93995,26.4249
32,6250,871,13.3777,3.93685,26.4592
32,6251,860,13.2267,3.86395,26.4581
32,6252,858,13.2587,3.87529,26.4732
32,6253,865,13.2301,3.89249,26.4671
32,6254,865,13.5214,3.97341,26.4439
32,6255,859,13.3923,3.94761,26.4703
32,6256,850,13.3624,3.94471,26.5435
32,6257,846,13.3511,3.98582,26.5981
32,6258,845,13.4178,4.00237,26.6296
32,6259,845,13.4213,4.01183,26.6296
32,6260,828,13.5133,4,26.6232
32,6261,823,13.4095,3.92102,26.5346
32,6262,822,13.2993,3.86983,26.4136
32,6263,817,13.2729,3.85557,26.3745
32,6264,818,13.5147,3.9291,26.4132
32,6265,835,13.309,3.92335,26.4192
32,6266,833,13.4358,3.96639,26.4562
32,6267,825,13.4388,3.97818,26.4412
32,6268,825,13.3867,3.9903,26.4291
32,6269,799,13.5294,4.02503,26.4556
32,6270,805,13.554,4.02857,26.4422
32,6271,800,13.5188,3.9825,26.45
32,6272,803,13.5405,4.01121,26.4458
32,6273,807,13.6109,4.01363,26.4436
32,6274,797,13.7265,4.02008,26.4291
32,6275,808,13.6324,4.01485,26.4084
32,6276,823,13.5626,3.9842,26.3742
32,6277,837,13.4612,3.96177,26.4468
32,6278,838,13.4666,3.99045,26.5084
32,6279,841,13.214,3.88347,26.4994
32,6280,868,13.0472,3.84332,26.5829
32,6281,877,13.0525,3.85861,26.5678
32,6282,887,13.1454,3.91432,26.5795
32,6283,885,13.2384,3.95254,26.5785
32,6284,887,13.2187,3.95039,26.584
32,6285,886,13.4097,4.01016,26.5598
32,6286,882,13.5238,4.08163,26.5714
32,6287,864,13.5498,4.04745,26.5602
32,6288,862,13.4803,4.03712,26.5916
32,6289,856,13.4124,4.02687,26.6285
32,6290,847,13.3259,3.92326,26.6163
32,6291,856,13.3785,3.98131,26.6519
32,6292,852,13.4871,3.95657,26.6362
32,6293,851,13.2526,3.89072,26.5969
32,6294,853,13.2603,3.89566,26.6354
32,6295,863,13.1784,3.90382,26.6118
32,6296,857,13.2229,3.92532,26.6254
32,6297,856,13.0923,3.87383,26.6215
32,6298,862,13.0998,3.87935,26.652
32,6299,863,12.9873,3.84473,26.7207
32,6300,873,12.89,3.80298,26.7171
32,6301,872,13.0172,3.88761,26.7041
32,6302,868,13.1302,3.92166,26.7465
32,6303,846,13.1619,3.97163,26.7589
32,6304,837,13.0789,3.94146,26.7479
32,6305,844,13.1291,3.98223,26.8104
32,6306,843,13.3167,4.04152,26.79
32,6307,833,13.3649,4.05042,26.7803
32,6308,839,13.2956,4.05244,26.7986
32,6309,838,13.4057,4.09427,26.8115
32,6310,838,13.3568,4.04177,26.79
32,6311,830,13.3566,4.06506,26.812
32,6312,827,13.2842,4.04595,26.8392
32,6313,829,13.4174,4.10253,26.8372
32,6314,822,13.2457,4.01095,26.8345
32,6315,808,13.1225,3.98639,26.8465
32,6316,811,12.7793,3.86806,26.8212
32,6317,820,12.9707,3.96585,26.8951
32,6318,815,13.0957,4.0135,26.8834
32,6319,819,13.3932,4.13065,26.8669
32,6320,805,13.1814,4.05342,26.8845
32,6321,822,13.0049,4.01338,26.9027
32,6322,826,13.2772,4.13317,26.9104
32,6323,827,13.3422,4.16203,26.919
32,6324,836,13.4127,4.1567,26.9163
32,6325,831,13.3947,4.15162,26.9699
32,6326,832,13.3329,4.1899,27.0673
32,6327,840,13.3702,4.21786,27.0929
32,6328,839,13.3409,4.21573,27.1371
32,6329,849,13.2144,4.16254,27.1472
32,6330,850,13.0965,4.17882,27.1882
32,6331,857,13.112,4.14586,27.1692
32,6332,857,13.0385,4.11669,27.1925
32,6333,864,12.9074,4.11111,27.2014
32,6334,862,12.8724,4.06845,27.2135
32,6335,869,12.9655,4.07365,27.2129
32,6336,846,12.9504,4.04255,27.1986
32,6337,835,12.9425,4.06707,27.2
32,6338,832,12.9014,4.05769,27.1659
32,6339,811,12.7731,3.9963,27.2528
32,6340,809,13.0111,4.08529,27.2287
32,6341,805,12.9665,4.0646,27.2373
32,6342,809,13.0791,4.11248,27.2707
32,6343,817,12.8727,4.01469,27.3023
32,6344,815,13.2098,4.12883,27.2761
32,6345,826,13.207,4.13923,27.2494
32,6346,837,13.19,4.14576,27.2855
32,6347,834,13.0647,4.11391,27.3046
32,6348,835,13.0467,4.08263,27.3054
32,6349,837,13.1004,4.10394,27.3309
32,6350,844,12.9585,4.06043,27.3555
32,6351,851,12.8226,3.9859,27.3866
32,6352,843,12.7794,3.98695,27.3808
32,6353,824,12.9296,4.04126,27.2937
32,6354,829,13.0205,4.09288,27.3341
32,6355,823,13.2807,4.19198,27.4265
32,6356,833,13.2365,4.16447,27.3926
32,6357,842,13.2352,4.21378,27.3682
32,6358,833,13.4202,4.28331,27.3469
32,6359,828,13.2367,4.23913,27.3599
32,6360,844,13.154,4.19194,27.3199
32,6361,847,13.1889,4.20425,27.32
32,6362,855,13.1918,4.21404,27.3333
32,6363,854,13.5433,4.32201,27.2998
32,6364,852,13.4718,4.28756,27.331
32,6365,836,13.7907,4.36842,27.3349
32,6366,837,13.54,4.28554,27.3501
32,6367,835,13.3832,4.22874,27.3389
32,6368,835,13.2407,4.17126,27.291
32,6369,851,13.1974,4.19154,27.349
32,6370,846,13.3853,4.2234,27.2908
32,6371,853,13.3118,4.18171,27.2521
32,6372,859,13.1153,4.1397,27.2712
32,6373,852,13.0411,4.10446,27.2864
32,6374,843,12.9051,4.05813,27.3238
32,6375,824,13.1796,4.12743,27.2985
32,6376,826,13.3281,4.17918,27.3511
32,6377,829,13.5199,4.26659,27.3317
32,6378,811,13.6141,4.29223,27.3785
32,6379,817,13.5447,4.3011,27.4663
32,6380,817,13.5545,4.29376,27.4565
32,6381,825,13.5285,4.29697,27.4303
32,6382,825,13.3236,4.22667,27.4618
32,6383,817,13.3464,4.23868,27.4737
32,6384,799,13.6446,4.3229,27.4894
32,6385,801,13.5805,4.29963,27.4582
32,6386,794,13.5491,4.2796,27.4559
32,6387,786,13.5471,4.30534,27.4529
32,6388,789,13.6172,4.34981,27.5336
32,6389,777,13.7889,4.43887,27.5264
32,6390,771,13.8807,4.42802,27.4786
32,6391,765,13.9294,4.42353,27.5111
32,6392,760,13.8263,4.36447,27.4763
32,6393,751,14.0613,4.42743,27.5553
32,6394,764,13.9136,4.36257,27.5288
32,6395,758,13.9116,4.35884,27.5567
32,6396,751,13.8136,4.33555,27.5712
32,6397,740,13.677,4.26351,27.5405
32,6398,743,13.6891,4.25707,27.5935
32,6399,750,13.6053,4.23467,27.568
32,6400,749,13.3551,4.14152,27.6021
32,6401,755,13.5139,4.23311,27.5762
32,6402,750,13.712,4.32,27.5707
32,6403,747,13.9598,4.44444,27.5609
32,6404,754,14.0186,4.43767,27.5491
32,6405,749,14.0561,4.46996,27.5381
32,6406,737,14.0502,4.48982,27.5604
32,6407,742,14.0162,4.53369,27.566
32,6408,743,14.1279,4.63526,27.5585
32,6409,743,13.9852,4.59623,27.6043
32,6410,744,13.8454,4.55242,27.5403
32,6411,745,13.906,4.54362,27.5248
32,6412,748,13.8115,4.51471,27.5134
32,6413,748,13.6791,4.43583,27.4599
32,6414,749,13.5821,4.39786,27.474
32,6415,755,14.0026,4.56026,27.4834
32,6416,744,14.2124,4.63441,27.4731
32,6417,742,14.2116,4.65499,27.4501
32,6418,756,14.1204,4.6336,27.4471
32,6419,748,13.8436,4.5615,27.4679
32,6420,747,13.838,4.53414,27.4029
32,6421,745,13.8846,4.53826,27.345
32,6422,742,13.8868,4.52965,27.3181
32,6423,749,13.9105,4.502,27.287
32,6424,766,13.6775,4.44778,27.3029
32,6425,770,13.3273,4.32597,27.3221
32,6426,777,13.4067,4.31918,27.2613
32,6427,801,13.2597,4.25593,27.2734
32,6428,813,13.3456,4.29151,27.321
32,6429,822,13.2457,4.27981,27.3601
32,6430,813,13.2362,4.22755,27.4022
32,6431,813,13.1279,4.17466,27.4465
32,6432,830,12.9277,4.11566,27.4217
32,6433,823,13.243,4.18834,27.3414
32,6434,822,13.2993,4.21046,27.3552
32,6435,815,13.1374,4.17178,27.4405
32,6436,822,13.1837,4.2129,27.4647
32,6437,827,12.9976,4.12696,27.4534
32,6438,842,13,4.0962,27.4561
32,6439,856,13.0082,4.12734,27.4322
32,6440,864,12.8947,4.06944,27.4074
32,6441,856,12.8668,4.03621,27.3855
32,6442,849,13.0624,4.06714,27.3333
32,6443,848,12.9422,4.10613,27.4033
32,6444,829,13.1037,4.1544,27.3727
32,6445,833,13.1116,4.12965,27.3445
32,6446,840,13.1488,4.14167,27.3619
32,6447,833,13.2473,4.19328,27.3085
32,6448,819,13.4212,4.26984,27.304
32,6449,810,13.4988,4.28642,27.2914
32,6450,818,13.4218,4.28729,27.3203
32,6451,808,13.6535,4.3651,27.3564
32,6452,828,13.6075,4.35386,27.3575
32,6453,830,13.7325,4.38434,27.3325
32,6454,829,13.7214,4.38118,27.3752
32,6455,839,13.5662,4.32777,27.4279
32,6456,833,13.5978,4.30732,27.407
32,6457,821,13.5067,4.27406,27.4129
32,6458,817,13.6316,4.31824,27.4247
32,6459,807,13.544,4.26394,27.3755
32,6460,815,13.3718,4.19387,27.3423
32,6461,824,13.5,4.27427,27.2816
32,6462,825,13.423,4.23636,27.2679
32,6463,816,13.4265,4.23284,27.2941
32,6464,801,13.4956,4.20599,27.2085
32,6465,796,13.2513,4.10176,27.1583
32,6466,801,13.3059,4.13358,27.1835
32,6467,803,13.4234,4.16438,27.2055
32,6468,794,13.4156,4.10957,27.1562
32,6469,791,13.2465,4.09987,27.2187
32,6470,790,13.4924,4.19747,27.2076
32,6471,786,13.5509,4.23282,27.201
32,6472,774,13.5517,4.26227,27.2429
32,6473,782,13.2801,4.21995,27.3018
32,6474,788,13.4607,4.29061,27.3579
32,6475,781,13.3854,4.27913,27.4085
32,6476,780,13.5577,4.29359,27.3333
32,6477,782,13.587,4.35678,27.3811
32,6478,794,13.6902,4.43703,27.4055
32,6479,812,13.5542,4.39778,27.4458
32,6480,805,13.595,4.45466,27.523
32,6481,789,13.5703,4.41065,27.5158
32,6482,806,13.4702,4.35484,27.4913
32,6483,813,13.4477,4.4059,27.4957
32,6484,811,13.5771,4.44266,27.4747
32,6485,813,13.4785,4.40098,27.476
32,6486,810,13.616,4.46296,27.4765
32,6487,812,13.6687,4.48399,27.4532
32,6488,812,13.3781,4.35099,27.4606
32,6489,809,13.3486,4.33622,27.5253
32,6490,790,13.462,4.30253,27.4709
32,6491,778,13.7172,4.37918,27.455
32,6492,777,13.4067,4.28185,27.4389
32,6493,767,13.6962,4.35854,27.4029
32,6494,771,13.5863,4.34241,27.3722
32,6495,778,13.6362,4.34576,27.2622
32,6496,765,13.7464,4.38562,27.2575
32,6497,772,13.7539,4.38472,27.3212
32,6498,778,13.662,4.40617,27.3008
32,6499,769,13.8557,4.49025,27.238
32,6500,771,13.7652,4.48768,27.2451
32,6501,777,13.2793,4.28443,27.2227
32,6502,769,13.2055,4.21196,27.225
32,6503,769,13.3589,4.28739,27.2302
32,6504,771,13.4955,4.37484,27.2348
32,6505,771,13.3839,4.30999,27.2348
32,6506,766,13.6266,4.38381,27.201
32,6507,769,13.6892,4.39792,27.186
32,6508,764,13.75,4.41885,27.178
32,6509,764,13.8246,4.45026,27.1518
32,6510,758,13.9736,4.53694,27.1821
32,6511,756,13.7183,4.39021,27.1825
32,6512,756,13.5542,4.31878,27.1825
32,6513,761,13.4717,4.29172,27.251
32,6514,768,13.5977,4.36328,27.3151
32,6515,761,13.6978,4.39422,27.2326
32,6516,756,13.8214,4.45238,27.1878
32,6517,748,13.7072,4.38102,27.1444
32,6518,757,13.7662,4.39366,27.0753
32,6519,782,13.4105,4.27238,27.1458
32,6520,777,13.5753,4.32432,27.1017
32,6521,775,13.5419,4.30839,27.1613
32,6522,783,13.447,4.26564,27.2312
32,6523,781,13.598,4.33163,27.2702
32,6524,776,13.7126,4.32345,27.2655
32,6525,781,13.936,4.39821,27.2958
32,6526,784,14.0497,4.45153,27.3214
32,6527,787,13.878,4.42186,27.3571
32,6528,773,13.8021,4.36611,27.3118
32,6529,764,13.7251,4.31283,27.2827
32,6530,762,13.8858,4.33858,27.21
32,6531,774,13.9729,4.41344,27.199
32,6532,799,13.8911,4.41302,27.1564
32,6533,798,13.5551,4.33709,27.1404
32,6534,802,13.7544,4.38529,27.1372
32,6535,812,13.75,4.35099,27.0936
32,6536,812,13.8227,4.383,27.1182
32,6537,827,13.6155,4.30713,27.0907
32,6538,816,13.4755,4.24387,27.1324
32,6539,817,13.4896,4.22154,27.1579
32,6540,816,13.5098,4.20833,27.0735
32,6541,814,13.6658,4.24079,27.0442
32,6542,821,13.6492,4.27162,26.9866
32,6543,809,13.6378,4.25093,26.9963
32,6544,816,13.7377,4.30025,26.9804
32,6545,810,13.5938,4.2716,26.9926
32,6546,813,13.5363,4.22509,26.9619
32,6547,799,13.4581,4.17272,26.9412
32,6548,816,13.3799,4.15564,26.9534
32,6549,822,13.3467,4.13504,26.9708
32,6550,815,13.4761,4.17301,26.984
32,6551,822,13.5766,4.20438,26.9538
32,6552,833,13.2737,4.08523,26.9388
32,6553,836,13.0156,3.9067,26.866
32,6554,836,13.1555,3.93541,26.8708
32,6555,831,13.3177,4.00241,26.9555
32,6556,815,13.3865,4.02699,26.9939
32,6557,815,13.6209,4.12147,26.9448
32,6558,806,13.5769,4.02605,26.9206
32,6559,802,13.5037,3.96758,26.9476
32,6560,794,13.7821,4.07179,26.8967
32,6561,791,13.5992,4.05183,26.8925
32,6562,801,13.6954,4.09363,26.9463
32,6563,803,13.68,4.11457,27.0262
32,6564,791,13.5752,4.06574,26.9709
32,6565,805,13.8348,4.21988,27.0087
32,6566,822,13.7068,4.191,27.0535
32,6567,822,13.6959,4.22019,27.0389
32,6568,819,13.6361,4.16484,27.0965
32,6569,829,13.6236,4.14958,27.0712
32,6570,824,13.9296,4.23665,27.068
32,6571,822,13.8297,4.23844,27.0925
32,6572,835,13.7018,4.17006,27.0754
32,6573,840,13.706,4.17976,27.131
32,6574,851,13.7145,4.19859,27.1281
32,6575,848,13.6403,4.13679,27.1132
32,6576,853,13.6096,4.12309,27.1114
32,6577,848,13.4552,4.04481,27.0873
32,6578,860,13.5047,4.05233,27.0674
32,6579,868,13.8353,4.19124,27.0599
32,6580,869,13.6272,4.1611,26.9965
32,6581,871,13.7072,4.13088,26.9644
32,6582,875,13.7371,4.16914,27.0194
32,6583,851,13.5958,4.11633,26.9965
32,6584,847,13.5148,4.10744,27.0319
32,6585,842,13.367,4.0772,27.0024
32,6586,843,13.2716,4.01661,26.9419
32,6587,849,13.0412,3.92462,26.9446
32,6588,867,12.895,3.85698,26.872
32,6589,864,13.1875,3.96181,26.8611
32,6590,866,13.1998,3.93533,26.8337
32,6591,866,13.0173,3.91224,26.8776
32,6592,877,12.9567,3.85975,26.9304
32,6593,867,13.0208,3.85928,26.925
32,6594,876,13.0228,3.82648,26.9726
32,6595,875,13.0606,3.80914,26.9463
32,6596,872,13.2236,3.875,26.9427
32,6597,872,13.3005,3.93119,26.9174
32,6598,877,13.4766,4.01596,26.9282
32,6599,869,13.3326,3.98389,26.9321
32,6600,859,13.3632,4.00582,26.9593
32,6601,864,13.4039,3.97801,26.9699
32,6602,846,13.4019,3.93853,26.9929
32,6603,839,13.584,4.00119,26.9869
32,6604,862,13.4408,3.9884,26.9443
32,6605,860,13.1837,3.92442,26.986
32,6606,853,13.286,3.97304,26.9894
32,6607,855,13.4959,4.06667,26.9684
32,6608,864,13.5023,4.05324,27.0023
32,6609,863,13.5272,4.07995,27.0545
32,6610,861,13.4321,4.05691,27.0569
32,6611,852,13.3756,4.0223,27.0845
32,6612,849,13.2803,3.99058,27.0601
32,6613,840,13.4143,4.05952,27.0786
32,6614,824,13.3956,4.05947,27.0485
32,6615,829,13.4415,4.0772,27.0881
32,6616,833,13.509,4.09604,27.0804
32,6617,842,13.5879,4.11639,27.1116
32,6618,855,13.6363,4.14386,27.0924
32,6619,845,13.9811,4.26154,27.084
32,6620,846,13.6442,4.12175,27.0024
32,6621,829,13.4463,4,26.9723
32,6622,832,13.4315,3.96875,26.9543
32,6623,840,13.5405,4.0131,26.9119
32,6624,850,13.4435,4.00588,26.8376
32,6625,860,13.3756,3.98256,26.8209
32,6626,867,13.271,3.97347,26.8189
32,6627,868,13.3952,4.01843,26.9055
32,6628,875,13.2777,3.96229,26.9371
32,6629,872,13.4025,4.0172,26.9014
32,6630,862,13.1787,3.96404,26.8747
32,6631,856,13.1963,3.96262,26.8481
32,6632,837,13.2103,3.89008,26.8196
32,6633,835,13.4455,3.9497,26.7904
32,6634,840,13.5917,4.02619,26.8381
32,6635,861,13.3914,3.93148,26.7851
32,6636,845,13.5574,3.96686,26.7976
32,6637,849,13.3781,3.87279,26.7444
32,6638,848,13.6073,3.9375,26.6627
32,6639,850,13.7741,4.03412,26.6988
32,6640,851,13.5041,3.94242,26.7145
32,6641,850,13.5082,3.95176,26.6494
32,6642,870,13.5356,3.96437,26.5954
32,6643,853,13.4467,3.96835,26.5815
32,6644,857,13.3839,3.96616,26.6558
32,6645,857,13.5006,4.028,26.7211
32,6646,865,13.1919,3.89017,26.7468
32,6647,862,13.1601,3.85499,26.7819
32,6648,863,13.1877,3.85863,26.7578
32,6649,864,13.0683,3.79282,26.7616
32,6650,852,13.0681,3.78052,26.7324
32,6651,852,13.1972,3.80986,26.6385
32,6652,837,13.0729,3.75627,26.6141
32,6653,837,13.2581,3.82198,26.6332
32,6654,833,13.3373,3.84514,26.6867
32,6655,837,13.356,3.87336,26.7097
32,6656,846,13.3676,3.88652,26.7187
32,6657,872,13.2638,3.86583,26.6995
32,6658,873,13.3058,3.91294,26.7331
32,6659,868,13.4009,3.92857,26.7327
32,6660,856,13.3493,3.91238,26.7103
32,6661,861,13.4146,3.91289,26.7782
32,6662,866,13.4215,3.9261,26.7852
32,6663,860,13.3919,3.92326,26.7419
32,6664,858,13.4802,3.96387,26.7669
32,6665,865,13.4451,3.93988,26.6844
32,6666,863,13.6419,4.00927,26.6466
32,6667,862,13.5661,3.95708,26.5963
32,6668,862,13.7042,4.0522,26.5963
32,6669,870,13.7632,4.10115,26.6414
32,6670,878,13.7232,4.04784,26.6196
32,6671,872,13.7856,4.07225,26.539
32,6672,880,13.8148,4.08068,26.5273
32,6673,878,13.8121,4.08656,26.5285
32,6674,875,13.7029,4.08114,26.592
32,6675,871,13.6096,4.04478,26.5557
32,6676,886,13.1321,3.83409,26.5553
32,6677,882,13.2007,3.82313,26.5261
32,6678,877,13.4994,3.89738,26.577
32,6679,880,13.6114,3.93182,26.5159
32,6680,881,13.7378,3.99886,26.4631
32,6681,877,13.5416,3.92018,26.4721
32,6682,876,13.5126,3.89954,26.3973
32,6683,866,13.5693,3.8903,26.3834
32,6684,858,13.5256,3.86597,26.3846
32,6685,852,13.7195,3.91197,26.4366
32,6686,861,13.5703,3.88966,26.5017
32,6687,856,13.5047,3.85514,26.4626
32,6688,871,13.7623,3.93685,26.4478
32,6689,879,13.7406,3.96928,26.4528
32,6690,870,13.8471,4.02414,26.4322
32,6691,860,13.7395,3.97209,26.4349
32,6692,864,13.6597,3.91898,26.4352
32,6693,864,13.5961,3.88542,26.463
32,6694,864,13.5637,3.85532,26.4398
32,6695,868,13.4194,3.80991,26.4424
32,6696,871,13.4007,3.8186,26.4271
32,6697,878,13.4362,3.8041,26.4214
32,6698,870,13.5034,3.79885,26.3563
32,6699,876,13.2283,3.68493,26.3744
32,6700,862,13.2111,3.65661,26.4223
32,6701,873,12.921,3.59679,26.4765
32,6702,878,13.0205,3.63781,26.5148
32,6703,866,13.06,3.64896,26.5081
32,6704,871,13.0149,3.65672,26.5189
32,6705,865,12.9988,3.65318,26.5295
32,6706,855,13.1415,3.7193,26.5357
32,6707,859,12.7998,3.58324,26.5425
32,6708,850,12.8141,3.58353,26.5388
32,6709,849,12.9965,3.65253,26.5159
32,6710,841,12.9465,3.62069,26.5375
32,6711,845,13.1716,3.69822,26.4805
32,6712,853,13.1114,3.70106,26.4619
32,6713,862,13.1949,3.74246,26.4803
32,6714,855,13.2433,3.77661,26.4561
32,6715,858,13.2168,3.78205,26.4872
32,6716,859,13.2468,3.83818,26.5215
32,6717,867,12.9781,3.76701,26.5905
32,6718,880,12.9341,3.75341,26.6432
32,6719,891,12.8799,3.75084,26.651
32,6720,892,12.9002,3.75785,26.6547
32,6721,883,13.0283,3.77916,26.6229
32,6722,879,12.9579,3.73151,26.5688
32,6723,884,12.9095,3.73529,26.5769
32,6724,885,12.8667,3.67119,26.5288
32,6725,875,12.9429,3.70286,26.5806
32,6726,871,12.9196,3.67968,26.5947
32,6727,876,12.9098,3.67123,26.6256
32,6728,873,13.0435,3.72165,26.6163
32,6729,863,13.1321,3.72306,26.584
32,6730,855,13.2304,3.77778,26.6129
32,6731,860,13.4884,3.85349,26.6674
32,6732,854,13.6932,3.94262,26.6253
32,6733,834,13.6403,3.90168,26.6115
32,6734,839,13.4815,3.85578,26.5364
32,6735,852,13.5892,3.89554,26.5962
32,6736,845,13.3148,3.86154,26.5846
32,6737,853,13.2298,3.88159,26.6049
32,6738,841,13.5327,3.90963,26.5565
32,6739,846,13.3913,3.93262,26.5674
32,6740,856,13.028,3.82477,26.6075
32,6741,858,13.1026,3.87063,26.6224
32,6742,864,13.1192,3.86227,26.625
32,6743,857,13.0828,3.79813,26.5648
32,6744,857,13.0035,3.78296,26.5881
32,6745,847,13.1145,3.84061,26.6399
32,6746,851,13.0975,3.85899,26.7004
32,6747,854,13.0597,3.82319,26.7541
32,6748,864,13.0613,3.83449,26.7454
32,6749,867,13.1684,3.86621,26.7566
32,6750,873,13.1913,3.88545,26.7835
32,6751,877,13.1209,3.85063,26.7548
32,6752,864,13,3.78241,26.7176
32,6753,861,12.8258,3.71196,26.7224
32,6754,858,12.9347,3.75408,26.7972
32,6755,859,12.7602,3.68335,26.8708
32,6756,869,12.8136,3.72037,26.9022
32,6757,872,12.4094,3.59289,26.9197
32,6758,869,12.5121,3.58803,26.84
32,6759,861,12.6074,3.63647,26.8084
32,6760,864,12.7743,3.67014,26.8889
32,6761,871,12.7348,3.70953,26.9621
32,6762,864,12.794,3.75,26.9815
32,6763,878,12.7859,3.77677,26.9522
32,6764,879,12.6018,3.7372,26.9329
32,6765,886,12.5959,3.74379,26.9481
32,6766,878,12.4328,3.65148,26.9362
32,6767,882,12.4683,3.64286,26.8503
32,6768,885,12.5842,3.6791,26.8972
32,6769,880,12.5602,3.68864,26.9
32,6770,881,12.4552,3.62089,26.8854
32,6771,882,12.5896,3.65986,26.8707
32,6772,874,12.9016,3.75515,26.8787
32,6773,885,12.8565,3.73672,26.9424
32,6774,889,13.0405,3.84589,26.9314
32,6775,895,12.9084,3.81564,27.1039
32,6776,883,12.9966,3.86297,27.2299
32,6777,875,12.9646,3.86743,27.2937
32,6778,867,12.9896,3.87428,27.2895
32,6779,888,12.8288,3.85473,27.259
32,6780,898,12.912,3.89198,27.2316
32,6781,891,12.8586,3.85746,27.2256
32,6782,894,12.8076,3.80984,27.2081
32,6783,886,12.9661,3.88713,27.2754
32,6784,889,12.9393,3.91001,27.2351
32,6785,907,12.7938,3.85667,27.2348
32,6786,901,12.7836,3.8313,27.2231
32,6787,901,12.8812,3.88013,27.1831
32,6788,899,13.1802,4.04116,27.2236
32,6789,890,13.1685,4.00674,27.2157
32,6790,888,13.1318,3.97185,27.1509
32,6791,876,13.2842,3.99315,27.1142
32,6792,873,13.5533,4.09851,27.0905
32,6793,866,13.4977,4.03926,27.0624
32,6794,862,13.4884,4.01856,27.0302
32,6795,853,13.7433,4.11137,26.9777
32,6796,854,13.466,4.04918,26.9953
32,6797,856,13.6273,4.14603,27.0561
32,6798,859,13.6286,4.156,27.0431
32,6799,856,13.59,4.14953,27.0794
32,6800,865,13.4012,4.10289,27.0936
32,6801,851,13.2738,4.04935,27.0975
32,6802,850,13.3765,4.09059,27.1529
32,6803,860,13.2198,4.02558,27.0721
32,6804,875,13.1874,4.00457,27.0834
32,6805,864,13.0012,3.96991,27.0949
32,6806,855,13.0292,3.93801,27.0924
32,6807,851,12.9342,3.87544,27.114
32,6808,853,12.9531,3.92849,27.1184
32,6809,847,13.0519,3.9634,27.1216
32,6810,844,13.0403,3.99289,27.1303
32,6811,824,13.1699,4.02791,27.0752
32,6812,834,13.1403,4.03237,27.0911
32,6813,831,13.2623,4.06498,27.1697
32,6814,824,13.2039,4.04126,27.1529
32,6815,809,13.3548,4.0581,27.0878
32,6816,814,13.5258,4.11425,27.0639
32,6817,808,13.4394,4.13861,27.1287
32,6818,803,13.188,4.03113,27.1582
32,6819,806,13.1005,4.01365,27.1092
32,6820,808,13.0903,3.99134,27.1163
32,6821,825,12.8291,3.92242,27.1224
32,6822,819,12.978,3.96947,27.1306
32,6823,826,12.8692,3.94552,27.0823
32,6824,824,12.8252,3.91141,27.0291
32,6825,827,13.0605,3.98307,27.006
32,6826,839,13.2682,4.00715,26.9654
32,6827,843,13.2337,4.01186,26.9751
32,6828,849,13.2214,4.01296,26.9588
32,6829,871,13.1917,4.04592,26.9874
32,6830,838,12.9642,3.95585,26.9976
32,6831,822,12.7324,3.85888,26.9781
32,6832,828,12.6655,3.81643,26.9469
32,6833,825,12.6424,3.79879,26.9382
32,6834,818,12.9132,3.8643,26.8875
32,6835,808,12.8651,3.86634,26.8886
32,6836,801,13.0624,3.94632,26.8989
32,6837,796,12.9171,3.91709,26.9121
32,6838,803,12.6974,3.84184,26.8394
32,6839,797,12.7503,3.84818,26.8532
32,6840,787,12.9848,3.92884,26.9072
32,6841,786,12.9097,3.87405,26.9008
32,6842,777,12.8533,3.861,26.9009
32,6843,774,12.8191,3.81395,26.8372
32,6844,778,12.8265,3.79177,26.7892
32,6845,778,12.7558,3.80463,26.8175
32,6846,788,12.8503,3.89213,26.8756
32,6847,792,13.0745,3.95455,26.9015
32,6848,802,12.9239,3.91397,26.8978
32,6849,797,13.0163,3.9611,26.921
32,6850,812,13.0209,4.00739,26.9433
32,6851,810,13.2074,4.08765,26.9407
32,6852,805,13.2447,4.08075,26.9516
32,6853,797,13.2095,4.04266,27.0038
32,6854,789,13.1267,4.05196,27.0722
32,6855,777,13.1686,4.07722,27.094
32,6856,782,13.1701,4.01407,27.0972
32,6857,790,13.157,3.97975,27.1139
32,6858,783,13.1571,3.97318,27.1239
32,6859,786,13.3053,4.04198,27.117
32,6860,781,13.3662,4.0589,27.0935
32,6861,782,13.5703,4.18031,27.0691
32,6862,790,13.6241,4.22785,27.1215
32,6863,807,13.4833,4.17968,27.1524
32,6864,816,13.5784,4.24755,27.1936
32,6865,815,13.3791,4.16564,27.173
32,6866,816,13.3088,4.10417,27.1495
32,6867,799,13.5945,4.20025,27.1264
32,6868,795,13.6013,4.22642,27.2226
32,6869,808,13.552,4.24134,27.2995
32,6870,806,13.5695,4.25806,27.2481
32,6871,812,13.4236,4.18473,27.2389
32,6872,805,13.6584,4.27081,27.2124
32,6873,801,13.7553,4.32335,27.206
32,6874,797,13.6876,4.28105,27.2246
32,6875,788,13.4581,4.18909,27.1751
32,6876,791,13.5424,4.19469,27.1353
32,6877,800,13.4625,4.1875,27.1175
32,6878,802,13.2195,4.09601,27.182
32,6879,779,13.2067,4.06547,27.1656
32,6880,789,13.2788,4.13054,27.2091
32,6881,785,13.3503,4.15796,27.2051
32,6882,788,13.3503,4.17132,27.2716
32,6883,785,13.3223,4.19236,27.2561
32,6884,801,13.4619,4.27216,27.2484
32,6885,807,13.5105,4.30979,27.2416
32,6886,790,13.362,4.29873,27.281
32,6887,788,13.4036,4.32868,27.2843
32,6888,778,13.1941,4.20823,27.2674
32,6889,777,13.1699,4.20463,27.2973
32,6890,770,13.5182,4.31169,27.3013
32,6891,782,13.5652,4.33376,27.3223
32,6892,783,13.3001,4.22095,27.3461
32,6893,792,13.3788,4.2601,27.3056
32,6894,790,13.3861,4.26835,27.2278
32,6895,803,13.4956,4.33998,27.3001
32,6896,814,13.3575,4.28378,27.2064
32,6897,824,13.2803,4.2318,27.25
32,6898,819,13.1819,4.1917,27.2698
32,6899,826,13.3027,4.24092,27.276
32,6900,827,13.37,4.27207,27.3349
32,6901,840,13.0583,4.16905,27.331
32,6902,826,13.1271,4.14649,27.3002
32,6903,801,13.1149,4.10737,27.3258
32,6904,798,13.1729,4.13659,27.3459
32,6905,793,13.1564,4.16393,27.4224
32,6906,804,13.1853,4.199,27.4303
32,6907,803,13.2989,4.25156,27.467
32,6908,805,13.3068,4.22857,27.4658
32,6909,803,13.2204,4.24159,27.4271
32,6910,811,13.0925,4.19112,27.3588
32,6911,817,13.1028,4.15789,27.3562
32,6912,814,13.1978,4.20516,27.3759
32,6913,800,13.16,4.19,27.36
32,6914,791,13.0771,4.10872,27.3021
32,6915,800,12.9113,4.05625,27.285
32,6916,802,13.0436,4.11471,27.3416
32,6917,803,13.1619,4.132,27.3773
32,6918,800,13.2263,4.15375,27.3375
32,6919,785,13.3465,4.1707,27.2866
32,6920,790,13.3278,4.17089,27.2633
32,6921,788,13.316,4.17132,27.2792
32,6922,811,13.328,4.21208,27.3366
32,6923,819,13.243,4.20513,27.304
32,6924,820,13.3854,4.28049,27.3293
32,6925,817,13.0783,4.19217,27.3537
32,6926,819,13.1233,4.23321,27.3748
32,6927,816,13.299,4.28676,27.4118
32,6928,815,13.4724,4.35951,27.4748
32,6929,824,13.426,4.31917,27.449
32,6930,819,13.4847,4.2967,27.4115
32,6931,814,13.4017,4.22604,27.4349
32,6932,804,13.4888,4.23507,27.4303
32,6933,801,13.568,4.24969,27.4282
32,6934,808,13.6485,4.26856,27.4134
32,6935,802,13.5524,4.23441,27.4514
32,6936,793,13.6204,4.26356,27.4754
32,6937,797,13.5383,4.26725,27.4906
32,6938,802,13.5075,4.26434,27.4788
32,6939,810,13.4716,4.29136,27.4593
32,6940,804,13.5485,4.31219,27.4627
32,6941,793,13.5876,4.33165,27.5435
32,6942,776,13.8802,4.42268,27.5541
32,6943,782,13.7916,4.46675,27.6343
32,6944,783,13.6743,4.39591,27.5607
32,6945,792,13.6869,4.38258,27.596
32,6946,789,13.7909,4.44106,27.5234
32,6947,781,13.8489,4.45839,27.5032
32,6948,780,13.9103,4.49615,27.4795
32,6949,781,14.0307,4.50064,27.5237
32,6950,789,13.9556,4.54119,27.4677
32,6951,778,14.1015,4.59254,27.5013
32,6952,785,14.0408,4.56688,27.5312
32,6953,789,13.839,4.48416,27.5361
32,6954,781,13.8988,4.50448,27.598
32,6955,790,13.7975,4.43291,27.6506
32,6956,788,13.7741,4.45812,27.6193
32,6957,795,13.7396,4.46289,27.5799
32,6958,803,13.6326,4.41968,27.6264
32,6959,809,13.9394,4.5241,27.6465
32,6960,818,14.1125,4.59291,27.6137
32,6961,830,13.9205,4.55181,27.6602
32,6962,820,13.9866,4.54512,27.6268
32,6963,830,13.7747,4.46747,27.5614
32,6964,843,13.8849,4.52313,27.6133
32,6965,843,13.5053,4.40095,27.5872
32,6966,838,13.9165,4.52267,27.5561
32,6967,835,13.8898,4.54132,27.6311
32,6968,827,14.0568,4.61306,27.5768
32,6969,830,14.0663,4.61928,27.5181
32,6970,832,14.012,4.57812,27.5096
32,6971,838,13.778,4.45227,27.4463
32,6972,847,13.7497,4.44392,27.3884
32,6973,845,13.4627,4.34556,27.3491
32,6974,832,13.28,4.28966,27.4159
32,6975,832,13.3846,4.32091,27.4014
32,6976,835,13.321,4.26108,27.3868
32,6977,834,13.3501,4.23861,27.3765
32,6978,832,13.1911,4.19712,27.4399
32,6979,830,13.2265,4.22892,27.4217
32,6980,823,13.2855,4.26124,27.4581
32,6981,816,13.2929,4.23162,27.5319
32,6982,825,13.4133,4.26061,27.5345
32,6983,831,13.4838,4.2852,27.5187
32,6984,829,13.6007,4.33776,27.4789
32,6985,825,13.6667,4.33333,27.4909
32,6986,823,13.6817,4.3305,27.4824
32,6987,831,13.6558,4.32732,27.4729
32,6988,829,13.5838,4.31966,27.5151
32,6989,831,13.4669,4.29483,27.4753
32,6990,829,13.3414,4.26417,27.5392
32,6991,829,13.38,4.27503,27.5464
32,6992,829,13.2714,4.26176,27.5802
32,6993,828,13.2343,4.23551,27.6184
32,6994,833,13.2125,4.2389,27.6663
32,6995,835,13.1042,4.18802,27.703
32,6996,827,13.3458,4.2636,27.7485
32,6997,827,13.4377,4.30472,27.7896
32,6998,834,13.4592,4.27218,27.789
32,6999,833,13.5402,4.29652,27.7215
32,7000,832,13.4832,4.33774,27.7452
32,7001,838,13.7303,4.45823,27.8019
32,7002,826,13.6695,4.40436,27.7797
32,7003,821,13.6724,4.41291,27.8173
32,7004,822,13.5134,4.38321,27.82
32,7005,825,13.6424,4.44121,27.8739
32,7006,825,13.6897,4.48121,27.8715
32,7007,801,13.7241,4.49064,27.8901
32,7008,804,13.597,4.45771,27.9403
32,7009,812,13.1441,4.30172,27.9852
32,7010,800,13.0475,4.235,27.935
32,7011,788,13.2944,4.29949,27.9315
32,7012,787,13.3964,4.32147,27.9111
32,7013,796,13.4736,4.34422,27.8995
32,7014,801,13.226,4.31586,28.0025
32,7015,785,13.279,4.33121,28.0229
32,7016,793,13.4893,4.39975,28.0151
32,7017,786,13.5191,4.42112,27.9695
32,7018,775,13.2632,4.35871,28.049
32,7019,780,13.3551,4.41795,28.041
32,7020,780,13.4321,4.42308,27.9564
32,7021,764,13.449,4.37827,27.9346
32,7022,758,13.533,4.40106,27.9288
32,7023,757,13.7239,4.5033,27.9207
32,7024,753,13.5339,4.42231,27.8991
32,7025,754,13.6525,4.48276,27.8515
32,7026,755,13.7086,4.4755,27.7907
32,7027,753,13.7052,4.44622,27.7317
32,7028,752,13.4016,4.36037,27.7739
32,7029,765,13.4588,4.39346,27.8013
32,7030,759,13.5718,4.42424,27.8314
32,7031,757,13.502,4.40819,27.7966
32,7032,754,13.2613,4.30637,27.7613
32,7033,742,13.2992,4.2655,27.8059
32,7034,741,13.5317,4.35493,27.7463
32,7035,752,13.4668,4.3883,27.7739
32,7036,749,13.6595,4.43525,27.7463
32,7037,740,13.5986,4.43378,27.7135
32,7038,749,13.7196,4.43258,27.6983
32,7039,747,13.7764,4.47657,27.6975
32,7040,755,13.7113,4.4702,27.6159
32,7041,769,13.4564,4.39792,27.6957
32,7042,768,13.5859,4.46354,27.6719
32,7043,779,13.3261,4.3543,27.7356
32,7044,789,13.3181,4.35995,27.6755
32,7045,778,13.2121,4.31491,27.6581
32,7046,779,13.113,4.31065,27.7022
32,7047,775,13.1445,4.29806,27.6748
32,7048,782,13.1803,4.289,27.6189
32,7049,801,13.1348,4.32335,27.6929
32,7050,810,12.9827,4.27778,27.7012
32,7051,810,13.242,4.38272,27.7654
32,7052,807,13.3668,4.41636,27.7051
32,7053,802,13.2643,4.36534,27.7781
32,7054,794,13.1524,4.28463,27.7657
32,7055,802,13.4239,4.40524,27.7007
32,7056,805,13.2248,4.34037,27.7516
32,7057,806,13.3511,4.35236,27.6328
32,7058,810,13.3309,4.32346,27.6716
32,7059,804,13.6318,4.46891,27.6791
32,7060,796,13.7161,4.52136,27.7312
32,7061,801,13.769,4.54931,27.6529
32,7062,806,14.031,4.67246,27.6303
32,7063,805,14.0149,4.67702,27.5304
32,7064,802,14.0337,4.65835,27.4963
32,7065,802,14.0237,4.63591,27.4364
32,7066,813,13.952,4.57073,27.4932
32,7067,823,13.8566,4.56015,27.531
32,7068,838,13.8663,4.54893,27.5084
32,7069,846,13.6844,4.47754,27.5248
32,7070,843,13.6904,4.50415,27.5255
32,7071,847,13.7084,4.52893,27.4262
32,7072,824,13.409,4.42597,27.4126
32,7073,813,13.5707,4.44526,27.3727
32,7074,819,13.4725,4.40659,27.4042
32,7075,831,13.4838,4.43201,27.3165
32,7076,830,13.1181,4.27229,27.3133
32,7077,836,13.2153,4.32057,27.2967
32,7078,838,13.3687,4.38305,27.2649
32,7079,832,13.4904,4.40745,27.1851
32,7080,830,13.5277,4.42048,27.188
32,7081,817,13.7197,4.4541,27.1775
32,7082,810,13.6346,4.38519,27.1457
32,7083,802,13.5511,4.32419,27.1696
32,7084,803,13.472,4.27522,27.1606
32,7085,811,13.3761,4.22811,27.0851
32,7086,809,13.3634,4.20396,27.1174
32,7087,816,13.2794,4.23039,27.0735
32,7088,823,13.2139,4.17132,27.0207
32,7089,825,13.1273,4.13333,27.0594
32,7090,818,12.9315,3.99144,26.9584
32,7091,820,12.828,3.96585,26.9293
32,7092,822,12.9538,3.9927,26.9416
32,7093,827,13.1028,4.04353,26.9504
32,7094,820,13.0085,3.99268,26.9561
32,7095,821,13.1425,4.0475,26.9963
32,7096,827,12.8875,3.95042,27.0423
32,7097,825,13.0521,4.00364,27.0133
32,7098,838,12.8115,3.93437,27.0477
32,7099,829,12.9083,3.94089,26.9916
32,7100,825,12.9503,3.96,27.0473
32,7101,811,12.91,3.93958,27.0654
32,7102,799,13.169,4.00626,27.0188
32,7103,802,13.4277,4.13716,27.0474
32,7104,810,13.5605,4.21975,27.0519
32,7105,814,13.5651,4.26781,27.1499
32,7106,820,13.5561,4.26463,27.1244
32,7107,834,13.4137,4.23861,27.1415
32,7108,848,13.3632,4.23231,27.0825
32,7109,850,13.3,4.24941,27.1788
32,7110,851,13.3854,4.27732,27.1492
32,7111,867,13.1488,4.14764,27.1211
32,7112,866,13.4261,4.23441,27.0993
32,7113,866,13.343,4.25058,27.1594
32,7114,870,13.1621,4.16207,27.1264
32,7115,861,13.23,4.16725,27.0871
32,7116,859,13.1991,4.14319,27.0733
32,7117,844,13.1777,4.16469,27.0687
32,7118,843,13.1163,4.11269,27.0225
32,7119,855,13.0842,4.09708,26.9731
32,7120,845,13.1846,4.08994,26.9728
32,7121,846,13.1619,4.03546,26.8936
32,7122,848,13.079,3.98821,26.8986
32,7123,840,13.1476,4.00714,26.8786
32,7124,849,13.0777,3.99529,26.9069
32,7125,847,13.0673,3.99528,26.9351
32,7126,847,13.0035,4,26.8784
32,7127,843,12.8138,3.94425,26.8897
32,7128,833,12.8367,3.94958,26.9724
32,7129,839,12.7521,3.89392,27.0346
32,7130,833,12.8679,3.92557,27.0228
32,7131,835,13.0982,3.98323,27.0275
32,7132,827,12.9855,3.92019,27.0351
32,7133,830,13.1518,3.98675,26.988
32,7134,823,13.3463,4.03402,27.0158
32,7135,807,13.4424,4.01487,26.9368
32,7136,811,13.64,4.13194,26.8779
32,7137,810,13.7185,4.15556,26.9605
32,7138,801,13.5743,4.08864,26.8864
32,7139,803,13.2565,3.95143,26.8892
32,7140,813,13.2362,3.95203,26.8659
32,7141,827,13.3241,3.9867,26.844
32,7142,831,13.296,3.9988,26.8833
32,7143,835,13.2898,4.00719,26.9102
32,7144,829,13.4089,4.05669,26.965
32,7145,818,13.577,4.12469,26.9144
32,7146,815,13.6245,4.19509,26.9055
32,7147,817,13.5496,4.16524,26.8911
32,7148,803,13.6364,4.16687,26.8867
32,7149,800,13.9075,4.19625,26.8725
32,7150,800,13.665,4.12625,26.86
32,7151,799,13.8223,4.14268,26.8636
32,7152,806,13.7705,4.13648,26.9181
32,7153,818,13.4853,4.03912,26.9584
32,7154,822,13.6083,4.09854,26.9002
32,7155,831,13.6221,4.1083,26.852
32,7156,841,13.5624,4.12961,26.8133
32,7157,840,13.5512,4.16071,26.881
32,7158,848,13.6521,4.22995,26.9127
32,7159,849,13.5359,4.19788,26.9187
32,7160,849,13.6219,4.23793,26.9847
32,7161,858,13.3904,4.17716,27.014
32,7162,848,13.3785,4.16745,26.967
32,7163,842,13.4002,4.16983,26.9691
32,7164,845,13.4651,4.22249,27.0249
32,7165,838,13.4809,4.20286,26.9928
32,7166,829,13.2461,4.11942,26.9916
32,7167,834,13.3046,4.15588,27.0983
32,7168,816,13.4252,4.17647,27.1005
32,7169,819,13.5299,4.20879,27.1111
32,7170,821,13.6285,4.27284,27.0621
32,7171,814,13.7174,4.29115,27.0688
32,7172,808,13.9406,4.35149,27.0916
32,7173,811,13.9346,4.33416,27.0999
32,7174,815,13.9276,4.34724,27.1534
32,7175,812,13.6638,4.25369,27.101
32,7176,804,13.2886,4.13682,27.1119
32,7177,794,13.2935,4.11713,27.1083
32,7178,791,13.1365,4.04678,27.0923
32,7179,791,13.0468,4.01138,27.0341
32,7180,803,13.0648,4.00747,27.1133
32,7181,807,13.0297,3.92193,27.0632
32,7182,817,13.2166,3.97674,27.0649
32,7183,812,13.2032,3.98645,27.1133
32,7184,822,13.1107,3.99513,27.1168
32,7185,811,13.3292,4.09988,27.0185
32,7186,832,13.4555,4.14543,27.0625
32,7187,844,13.5557,4.18246,27.0308
32,7188,836,13.5849,4.20574,27.0813
32,7189,848,13.7099,4.22759,27.0896
32,7190,857,13.5764,4.17736,27.0992
32,7191,847,13.4675,4.08855,27.0012
32,7192,843,13.4709,4.1293,27.0249
32,7193,844,13.4976,4.1019,26.9834
32,7194,845,13.2379,3.93373,26.9799
32,7195,841,13.3627,3.96195,26.9608
32,7196,838,13.3282,3.91766,26.9523
32,7197,828,13.4734,3.98913,27.0386
32,7198,825,13.4388,3.9697,27.0545
32,7199,829,13.4415,3.97949,27.1411
32,7200,831,13.4874,3.9988,27.1673
32,7201,829,13.725,4.08444,27.1653
32,7202,827,13.7533,4.10883,27.1487
32,7203,824,13.6117,4.08131,27.1359
32,7204,834,13.5276,4.04556,27.1055
32,7205,829,13.4656,4.04463,27.0832
32,7206,846,13.4338,4.08747,27.052
32,7207,831,13.4777,4.10229,27.0782
32,7208,833,13.485,4.09724,27.1092
32,7209,839,13.0191,3.91061,27.0965
32,7210,865,13.0566,3.94451,27.1191
32,7211,866,12.9746,3.92032,27.0762
32,7212,870,12.9483,3.88621,27.0368
32,7213,870,13.1322,3.97586,27.1103
32,7214,863,13.0174,3.96987,27.0985
32,7215,846,13.0331,3.95863,27.0851
32,7216,834,13.1007,4.04077,27.1247
32,7217,823,13.1944,4.04739,27.147
32,7218,820,13.2524,4.03659,27.1732
32,7219,809,13.3993,4.06922,27.1867
32,7220,806,13.366,4.0335,27.1737
32,7221,805,13.6634,4.11056,27.1851
32,7222,808,13.5978,4.11634,27.198
32,7223,819,13.4444,4.10012,27.2723
32,7224,815,13.4908,4.14601,27.3153
32,7225,821,13.0877,3.96955,27.3496
32,7226,823,13.079,4.00243,27.3949
32,7227,817,13.2203,4.0612,27.388
32,7228,821,13.2667,4.0877,27.313
32,7229,828,13.2814,4.06643,27.2947
32,7230,837,13.1852,3.99642,27.2449
32,7231,854,13.2237,4.05035,27.3185
32,7232,849,13.0459,3.96702,27.3498
32,7233,854,13.1593,3.97307,27.3489
32,7234,855,13.124,4.00585,27.3708
32,7235,855,13.2316,4.02924,27.3988
32,7236,867,13.2295,3.99308,27.4256
32,7237,851,13.2444,4,27.4971
32,7238,846,13.5449,4.13121,27.5059
32,7239,850,13.3376,4.07176,27.5035
32,7240,841,13.415,4.12366,27.5077
32,7241,841,13.4697,4.17241,27.5933
32,7242,835,13.5186,4.19641,27.612
32,7243,828,13.6522,4.2186,27.5676
32,7244,839,13.5364,4.1764,27.4756
32,7245,841,13.478,4.21998,27.5363
32,7246,832,13.4555,4.16587,27.6226
32,7247,840,13.2,4.06786,27.6167
32,7248,845,13.4911,4.15266,27.6213
32,7249,849,13.4982,4.12839,27.5807
32,7250,852,13.4331,4.11502,27.561
32,7251,860,13.3302,4.08953,27.5721
32,7252,858,13.0105,3.98135,27.6876
32,7253,855,12.8585,3.93216,27.7076
32,7254,863,13.139,4.07879,27.6964
32,7255,858,13.3497,4.16434,27.7203
32,7256,864,13.3484,4.16898,27.6944
32,7257,847,13.3518,4.17119,27.6387
32,7258,848,13.3738,4.19811,27.7099
32,7259,846,13.4586,4.25059,27.6525
32,7260,852,13.4589,4.25704,27.6338
32,7261,849,13.2415,4.1543,27.6113
32,7262,850,13.2706,4.15529,27.5788
32,7263,841,13.4174,4.20927,27.5149
32,7264,846,13.2896,4.13712,27.4421
32,7265,850,13.4318,4.15765,27.3718
32,7266,852,13.2805,4.08685,27.439
32,7267,852,13.2793,4.08685,27.5
32,7268,853,13.1383,4.00117,27.5428
32,7269,855,13.3298,4.07135,27.5345
32,7270,870,13.2575,4.07931,27.5632
32,7271,871,13.3766,4.09989,27.5247
32,7272,858,13.2587,4.03497,27.5291
32,7273,855,13.145,3.9883,27.5018
32,7274,842,13.0843,3.97625,27.5273
32,7275,851,12.8038,3.89542,27.5746
32,7276,840,13.0369,3.9381,27.569
32,7277,839,13.0667,3.9118,27.4398
32,7278,824,13.1614,3.94296,27.4612
32,7279,825,13.2133,3.96848,27.4861
32,7280,823,13.277,3.99635,27.4872
32,7281,829,13.4668,4.08565,27.532
32,7282,838,13.2828,4.0358,27.5823
32,7283,827,13.3869,4.02902,27.5139
32,7284,820,13.422,4.03049,27.4976
32,7285,812,13.4754,4.07635,27.5049
32,7286,808,13.6807,4.14233,27.5
32,7287,802,13.6696,4.09601,27.4838
32,7288,793,13.8335,4.16898,27.4981
32,7289,808,13.8045,4.16955,27.448
32,7290,804,13.7736,4.12562,27.5348
32,7291,812,13.7746,4.14655,27.5443
32,7292,817,13.5912,4.12485,27.5985
32,7293,822,13.6399,4.14842,27.6034
32,7294,826,13.5303,4.17918,27.5811
32,7295,840,13.3583,4.08214,27.5714
32,7296,843,13.2384,4.05101,27.618
32,7297,859,13.2352,4.04075,27.6228
32,7298,854,13.1698,4.01288,27.6417
32,7299,851,13.0752,3.9671,27.6005
32,7300,853,13.2345,4.03634,27.6249
32,7301,854,13.363,4.10422,27.6768
32,7302,850,13.0647,3.96,27.6447
32,7303,855,13.0503,3.94503,27.6281
32,7304,845,13.0178,3.94556,27.6237
32,7305,841,13.1474,3.97741,27.6718
32,7306,841,13.522,4.08561,27.6243
32,7307,838,13.6265,4.12172,27.5776
32,7308,839,13.7914,4.22288,27.5995
32,7309,852,13.5915,4.12324,27.615
32,7310,847,13.7804,4.183,27.6222
32,7311,861,13.6411,4.17538,27.619
32,7312,865,13.4081,4.12486,27.5746
32,7313,870,13.3678,4.07931,27.5103
32,7314,885,13.3492,4.04972,27.4418
32,7315,886,13.193,4,27.4447
32,7316,882,13.1406,3.9966,27.4036
32,7317,873,12.8706,3.88202,27.3585
32,7318,875,12.8777,3.86171,27.3234
32,7319,868,13.0795,3.91014,27.3364
32,7320,863,13.0545,3.89919,27.2561
32,7321,861,13.1185,3.94657,27.2497
32,7322,849,13.3734,4.00942,27.2179
32,7323,830,13.459,3.98434,27.1759
32,7324,841,13.4162,3.95957,27.201
32,7325,847,13.4463,3.95041,27.157
32,7326,842,13.7162,4.06295,27.1781
32,7327,848,13.7877,4.09316,27.2099
32,7328,838,13.821,4.11456,27.1623
32,7329,843,13.7556,4.07236,27.1554
32,7330,855,13.5018,4.01988,27.2398
32,7331,847,13.4144,3.99764,27.1901
32,7332,851,13.3173,3.98942,27.2409
32,7333,855,13.2117,3.93801,27.214
32,7334,838,13.2637,3.94272,27.2196
32,7335,836,13.2081,3.90191,27.2201
32,7336,839,13.3385,3.95828,27.2038
32,7337,837,13.2569,3.92234,27.1828
32,7338,838,13.1742,3.91766,27.1814
32,7339,843,13.0617,3.93832,27.2527
32,7340,839,13.1812,3.99166,27.2849
32,7341,865,13.1225,4.00347,27.3272
32,7342,862,13.0371,3.95244,27.3387
32,7343,866,12.9007,3.89261,27.3025
32,7344,858,12.9953,3.91259,27.2937
32,7345,854,13.3173,4.00585,27.2834
32,7346,850,13.1929,3.98588,27.3106
32,7347,860,13.0849,4.00698,27.2977
32,7348,862,12.913,3.95128,27.3341
32,7349,846,13.065,4.00118,27.3546
32,7350,840,13.1702,4.03571,27.4214
32,7351,838,13.3496,4.07041,27.3723
32,7352,844,13.1434,4.03199,27.41
32,7353,854,12.815,3.90632,27.4473
32,7354,855,12.6596,3.85965,27.476
32,7355,856,12.8002,3.93224,27.4883
32,7356,861,12.7747,3.93612,27.5401
32,7357,854,12.719,3.91218,27.4614
32,7358,848,12.6144,3.89623,27.4292
32,7359,826,12.7542,3.92736,27.4673
32,7360,833,12.7443,3.95318,27.5078
32,7361,820,12.761,3.96341,27.4927
32,7362,819,12.8559,3.98657,27.4921
32,7363,820,12.8378,3.95244,27.4951
32,7364,814,13.0467,4.04423,27.4939
32,7365,815,12.8344,4.01104,27.6
32,7366,820,12.8171,4.02561,27.5854
32,7367,833,12.7395,3.9976,27.6038
32,7368,829,12.725,3.99276,27.6188
32,7369,831,12.8412,4.05415,27.5596
32,7370,827,12.8356,4.05683,27.5623
32,7371,833,12.8511,4.11164,27.6062
32,7372,838,12.6599,4.02506,27.5847
32,7373,846,12.7612,4.05437,27.5697
32,7374,836,12.6842,3.99043,27.567
32,7375,837,12.6022,3.94026,27.4886
32,7376,843,12.6773,3.96323,27.4282
32,7377,842,12.8884,4.04513,27.4893
32,7378,846,13.0579,4.12057,27.5461
32,7379,843,13.1756,4.18505,27.5255
32,7380,847,13.2255,4.2137,27.5396
32,7381,843,13.1601,4.1898,27.4686
32,7382,844,13.1327,4.13981,27.4384
32,7383,840,13.1417,4.18571,27.4452
32,7384,836,13.1974,4.20813,27.4019
32,7385,830,13.2627,4.20602,27.3446
32,7386,823,13.4289,4.26853,27.3512
32,7387,819,13.5873,4.30769,27.3675
32,7388,810,13.3284,4.17407,27.316
32,7389,806,13.2494,4.15012,27.3325
32,7390,812,13.3461,4.17365,27.3325
32,7391,806,13.0571,4.05955,27.33
32,7392,803,13.0984,4.04234,27.3026
32,7393,810,13.2136,4.08025,27.2667
32,7394,816,13.136,4.09559,27.2794
32,7395,819,13.3297,4.16239,27.2723
32,7396,822,13.365,4.16302,27.2457
32,7397,830,13.4084,4.18313,27.2482
32,7398,832,13.3413,4.18269,27.2788
32,7399,832,13.3089,4.20553,27.238
32,7400,849,13.033,4.14959,27.2462
32,7401,849,12.9611,4.12014,27.3239
32,7402,850,12.8612,4.11412,27.28
32,7403,839,12.8915,4.08582,27.2658
32,7404,826,12.9697,4.07627,27.3317
32,7405,827,12.9468,4.03144,27.3277
32,7406,834,12.8921,4.01679,27.3717
32,7407,822,12.8893,3.99513,27.4136
32,7408,838,12.8305,3.98926,27.4463
32,7409,836,12.823,4.03589,27.4378
32,7410,838,12.8126,4.06444,27.4845
32,7411,845,12.9846,4.09112,27.432
32,7412,838,12.9212,4.02745,27.3938
32,7413,835,12.9569,4.00838,27.3772
32,7414,844,12.9751,4.04502,27.391
32,7415,833,13.1813,4.08523,27.3133
32,7416,838,13.111,4.01551,27.2864
32,7417,846,13.2683,4.07565,27.3215
32,7418,846,13.2234,4.08983,27.3262
32,7419,843,12.9703,4.01898,27.3262
32,7420,847,13.0531,4.0791,27.3034
32,7421,838,13.0955,4.11337,27.3914
32,7422,829,13.2135,4.10736,27.3752
32,7423,836,13.3469,4.18062,27.3684
32,7424,835,13.5042,4.22635,27.3701
32,7425,837,13.1171,4.13262,27.4432
32,7426,849,13.3157,4.2073,27.4817
32,7427,852,13.2242,4.17371,27.4742
32,7428,867,13.2907,4.21338,27.4948
32,7429,853,13.2239,4.1313,27.442
32,7430,852,13.2782,4.15493,27.4577
32,7431,845,13.4201,4.16568,27.4604
32,7432,830,13.641,4.26627,27.4771
32,7433,826,13.6356,4.26998,27.4964
32,7434,814,13.7776,4.32555,27.484
32,7435,806,13.7345,4.35608,27.5062
32,7436,817,13.6769,4.35496,27.5129
32,7437,824,13.5146,4.27913,27.5485
32,7438,819,13.6154,4.33211,27.536
32,7439,827,13.584,4.36518,27.5526
32,7440,819,13.7082,4.38339,27.4872
32,7441,834,13.7434,4.40288,27.506
32,7442,828,13.7391,4.40338,27.4807
32,7443,816,13.8382,4.43995,27.5123
32,7444,815,13.8012,4.47239,27.5706
32,7445,805,13.7217,4.46584,27.595
32,7446,816,13.7904,4.50735,27.5858
32,7447,822,13.5998,4.44404,27.5888
32,7448,829,13.5235,4.42099,27.5657
32,7449,825,13.3806,4.36727,27.6364
32,7450,820,13.4537,4.40976,27.678
32,7451,820,13.6085,4.42439,27.6951
32,7452,835,13.6395,4.47904,27.7054
32,7453,835,13.4515,4.38563,27.7413
32,7454,841,13.5981,4.40428,27.8288
32,7455,840,13.669,4.43333,27.8095
32,7456,833,13.5342,4.36855,27.8439
32,7457,851,13.3008,4.28437,27.7861
32,7458,854,13.233,4.29157,27.7494
32,7459,855,13.331,4.27251,27.6257
32,7460,858,13.4033,4.28205,27.5758
32,7461,870,13.1241,4.19425,27.5356
32,7462,871,12.9851,4.14007,27.5063
32,7463,867,13.0461,4.13149,27.5433
32,7464,869,13.2555,4.21864,27.5259
32,7465,875,13.32,4.21943,27.5406
32,7466,881,13.286,4.20091,27.5278
32,7467,862,13.6288,4.29466,27.4965
32,7468,857,13.4761,4.18786,27.4679
32,7469,855,13.407,4.19298,27.4573
32,7470,853,13.4654,4.2204,27.4373
32,7471,855,13.3942,4.13684,27.462
32,7472,847,13.366,4.11452,27.4711
32,7473,846,13.292,4.06974,27.4326
32,7474,862,13.3805,4.09281,27.3689
32,7475,858,13.4662,4.1014,27.303
32,7476,855,13.4105,4.09474,27.2725
32,7477,846,13.3972,4.07683,27.2506
32,7478,849,13.3274,4.06596,27.2485
32,7479,863,13.0742,3.99652,27.1912
32,7480,843,13.2289,4.0688,27.1317
32,7481,867,13.015,4.01269,27.0888
32,7482,861,13.1893,4.07782,27.0639
32,7483,860,13.5419,4.2314,27.0744
32,7484,852,13.5728,4.26761,27.0822
32,7485,850,13.5082,4.22,27.0071
32,7486,864,13.1991,4.11806,26.9306
32,7487,857,13.0712,4.03967,26.9102
32,7488,862,13.2506,4.08353,26.8933
32,7489,879,12.9943,3.98294,26.9283
32,7490,868,13.1659,4.01959,26.9217
32,7491,852,13.2981,4.06573,26.8615
32,7492,858,13.3054,4.04079,26.7855
32,7493,870,13.492,4.11149,26.8391
32,7494,853,13.2509,4.03517,26.8441
32,7495,851,13.3819,4.11163,26.8672
32,7496,850,13.2424,4.07647,26.8424
32,7497,859,13.1187,4.00931,26.8242
32,7498,860,13.3244,4.1186,26.8442
32,7499,863,13.2978,4.18308,26.9085
32,7500,858,13.4872,4.22028,26.9184
32,7501,861,13.223,4.09756,26.8897
32,7502,853,13.3916,4.13482,26.8511
32,7503,843,13.2645,4.06999,26.9181
32,7504,843,13.5065,4.13642,26.9395
32,7505,831,13.3682,4.05897,26.8183
32,7506,812,13.3165,4.03079,26.8202
32,7507,810,13.3679,4.00864,26.8247
32,7508,822,13.4294,4.04501,26.7129
32,7509,821,13.6419,4.14373,26.7454
32,7510,819,13.7631,4.18681,26.7326
32,7511,813,13.8339,4.19434,26.679
32,7512,803,13.9041,4.25529,26.7049
32,7513,797,13.857,4.21706,26.6474
32,7514,798,13.9211,4.22807,26.589
32,7515,819,13.7143,4.20024,26.5641
32,7516,818,13.5905,4.18337,26.5672
32,7517,815,13.7215,4.22331,26.5031
32,7518,822,13.6472,4.23723,26.5377
32,7519,824,13.4951,4.13592,26.5583
32,7520,818,13.2359,4.0489,26.5208
32,7521,829,13.2063,4.00603,26.5452
32,7522,825,13.4461,4.08,26.5988
32,7523,811,13.5561,4.13194,26.6017
32,7524,804,13.5572,4.08333,26.5721
32,7525,801,13.8464,4.21348,26.5943
32,7526,808,13.6114,4.15718,26.6361
32,7527,814,13.683,4.17936,26.6683
32,7528,803,13.7472,4.19552,26.665
32,7529,818,13.8594,4.22249,26.6724
32,7530,815,13.5166,4.12147,26.746
32,7531,801,13.4782,4.11486,26.7041
32,7532,805,13.5627,4.18012,26.713
32,7533,808,13.4876,4.09158,26.7104
32,7534,816,13.6127,4.14216,26.7549
32,7535,814,13.7076,4.17076,26.7469
32,7536,806,13.7655,4.17494,26.7345
32,7537,808,13.8032,4.21287,26.7302
32,7538,786,14.0789,4.31298,26.7328
32,7539,781,14.2574,4.40973,26.7554
32,7540,794,14.3325,4.42695,26.7431
32,7541,785,14.2573,4.3414,26.7006
32,7542,788,14.1447,4.35025,26.7208
32,7543,774,14.0633,4.34367,26.677
32,7544,783,14.0907,4.37803,26.6871
32,7545,790,13.9316,4.34051,26.7241
32,7546,791,13.9077,4.3287,26.8167
32,7547,801,13.8627,4.34082,26.8265
32,7548,807,13.7658,4.2974,26.8178
32,7549,802,13.7893,4.34414,26.8379
32,7550,790,13.8063,4.29494,26.7494
32,7551,803,13.731,4.29639,26.797
32,7552,815,13.492,4.22209,26.7779
32,7553,830,13.5229,4.24337,26.7831
32,7554,829,13.4282,4.18818,26.8179
32,7555,820,13.4402,4.19634,26.8537
32,7556,816,13.4706,4.16422,26.8431
32,7557,806,13.5037,4.16377,26.7692
32,7558,801,13.1723,3.98502,26.7066
32,7559,803,13.0996,3.96887,26.6999
32,7560,811,13.1418,4.00247,26.6732
32,7561,837,12.8984,3.9546,26.7288
32,7562,833,13.042,4.02161,26.7227
32,7563,826,13.2966,4.12712,26.7506
32,7564,835,13.3832,4.1485,26.7928
32,7565,850,13.1165,4.05765,26.7929
32,7566,847,13.0826,4.03896,26.8146
32,7567,845,13.1373,4.03432,26.7101
32,7568,846,13.1194,3.96809,26.7139
32,7569,844,13.2133,4.00237,26.7109
32,7570,834,13.4101,4.04077,26.7362
32,7571,829,13.5066,4.05308,26.7238
32,7572,833,13.4322,4.05282,26.7467
32,7573,826,13.5472,4.07627,26.7724
32,7574,832,13.5228,4.08534,26.7933
32,7575,835,13.3222,4.04311,26.7808
32,7576,828,13.314,4.08213,26.7971
32,7577,839,13.2396,4.08939,26.8033
32,7578,850,12.8671,3.96706,26.8682
32,7579,848,12.895,3.98467,26.8774
32,7580,865,13.015,4.07746,26.8301
32,7581,871,12.977,4.05855,26.845
32,7582,883,13.0872,4.11212,26.8856
32,7583,877,12.9818,4.07412,26.9008
32,7584,886,12.8567,4.01354,26.9413
32,7585,887,12.8083,3.99436,26.956
32,7586,881,13.0999,4.0874,26.9716
32,7587,875,13.328,4.15314,26.9349
32,7588,857,13.3011,4.06884,26.9708
32,7589,865,13.1168,3.96069,26.9618
32,7590,870,13.1908,4.02184,27.0046
32,7591,880,13.3216,4.11932,27.1023
32,7592,892,13.3083,4.11996,27.0919
32,7593,896,13.154,4.07924,27.067
32,7594,877,13.2338,4.10946,27.0171
32,7595,875,13.12,4.04229,26.992
32,7596,877,13.0593,4.0114,27.0308
32,7597,880,12.8761,3.97955,27.0636
32,7598,870,12.7632,3.95057,27.046
32,7599,867,12.8558,3.98501,27.0611
32,7600,881,12.8286,3.98865,27.0897
32,7601,869,12.9494,4.02877,27.1116
32,7602,874,13.135,4.0389,27.1167
32,7603,869,12.9079,3.88493,27.1139
32,7604,849,12.9199,3.87633,27.0718
32,7605,830,13.1169,3.8988,27.0241
32,7606,832,13.2788,3.95072,26.9976
32,7607,842,13.2233,3.96675,27.0238
32,7608,845,13.2178,3.99645,27.0533
32,7609,854,13.0246,3.93208,27.1335
32,7610,865,13.1202,4.00578,27.0867
32,7611,862,13.1891,4.0406,27.0719
32,7612,873,12.9633,3.94387,27.118
32,7613,868,12.8468,3.9182,27.1889
32,7614,877,12.8712,3.9293,27.1699
32,7615,880,12.9545,3.94432,27.1455
32,7616,884,13.0204,3.99208,27.1516
32,7617,860,12.8733,3.90814,27.0907
32,7618,854,12.7155,3.81616,27.0867
32,7619,862,12.7123,3.85963,27.1183
32,7620,865,12.4613,3.79884,27.0705
32,7621,860,12.4453,3.79302,27.0953
32,7622,861,12.5877,3.81533,27.1684
32,7623,848,12.6627,3.82783,27.2241
32,7624,845,12.8071,3.88284,27.2095
32,7625,859,13.0477,3.97905,27.2689
32,7626,853,13.2626,4.05041,27.1887
32,7627,833,13.3265,4.04922,27.1693
32,7628,837,13.4636,4.10155,27.1708
32,7629,839,13.2336,4.03337,27.1776
32,7630,840,13.2964,4.02143,27.2
32,7631,828,13.4493,4.04227,27.1643
32,7632,839,13.5626,4.09416,27.149
32,7633,842,13.3765,4.12827,27.2447
32,7634,829,13.5247,4.16767,27.2183
32,7635,829,13.1737,4.06755,27.2376
32,7636,826,13.3632,4.12954,27.3123
32,7637,812,13.282,4.13547,27.3941
32,7638,826,13.2167,4.06538,27.3898
32,7639,812,13.3978,4.08128,27.3793
32,7640,826,13.4274,4.08475,27.3608
32,7641,816,13.576,4.21814,27.348
32,7642,815,13.5607,4.1865,27.3767
32,7643,818,13.5623,4.20049,27.3643
32,7644,815,13.8638,4.27853,27.3497
32,7645,819,13.6508,4.18559,27.3773
32,7646,803,13.6887,4.1868,27.3748
32,7647,816,13.3566,4.06373,27.3775
32,7648,811,13.3095,4.02959,27.4106
32,7649,808,13.3205,4.04579,27.4579
32,7650,796,13.3618,4.06784,27.4045
32,7651,807,13.2193,4.04833,27.4349
32,7652,802,13.1933,4.0611,27.4738
32,7653,798,12.7381,3.88722,27.4762
32,7654,795,12.8742,3.93208,27.4088
32,7655,800,12.695,3.8775,27.3575
32,7656,799,12.5857,3.81602,27.3317
32,7657,790,12.7291,3.83797,27.3215
32,7658,791,12.7105,3.79899,27.2693
32,7659,784,12.9337,3.83546,27.2653
32,7660,786,13.0674,3.87532,27.2646
32,7661,782,13.1573,3.91944,27.2992
32,7662,787,13.0013,3.88691,27.2859
32,7663,787,13.1423,3.93266,27.291
32,7664,790,13.2937,3.98481,27.2177
32,7665,790,13.3772,4.03165,27.2101
32,7666,782,13.2852,3.96164,27.2123
32,7667,774,13.4393,4.05556,27.2791
32,7668,783,13.2133,3.98595,27.2644
32,7669,784,13.3125,4.05612,27.1862
32,7670,785,13.1911,4.01911,27.2459
32,7671,770,13.4727,4.07013,27.2208
32,7672,769,13.4304,4.06502,27.1964
32,7673,772,13.4171,4.0557,27.1788
32,7674,774,13.5026,4.07881,27.1835
32,7675,772,13.7383,4.17228,27.1995
32,7676,776,13.7925,4.15593,27.1701
32,7677,790,13.6734,4.15696,27.2203
32,7678,784,13.5383,4.07908,27.1633
32,7679,797,13.1556,3.95232,27.1041
32,7680,784,13.3495,4,27.0357
32,7681,786,13.1845,3.95293,27.028
32,7682,782,13.1023,3.90153,27.0563
32,7683,787,12.8539,3.78145,27.0928
32,7684,786,12.7239,3.757,27.0585
32,7685,800,12.7762,3.7725,27.0575
32,7686,792,13.0366,3.84343,26.9874
32,7687,795,13.1308,3.87044,26.8956
32,7688,794,13.2116,3.91058,26.8892
32,7689,790,13.2367,3.88734,26.8456
32,7690,791,13.3717,3.9292,26.8319
32,7691,791,13.3666,3.89254,26.7661
32,7692,788,13.283,3.89086,26.7893
32,7693,797,13.3199,3.88708,26.798
32,7694,794,13.5113,3.94081,26.7531
32,7695,783,13.6922,3.96807,26.7331
32,7696,775,13.5832,3.93419,26.7561
32,7697,780,13.5192,3.8859,26.6872
32,7698,788,13.5228,3.88959,26.6447
32,7699,789,13.6844,3.97465,26.6692
32,7700,777,13.8906,4.04505,26.6049
32,7701,777,13.9627,4.07465,26.6538
32,7702,788,13.7881,4.03299,26.5964
32,7703,789,13.7921,4.03422,26.6261
32,7704,781,13.6479,3.90397,26.5506
32,7705,777,13.5869,3.85586,26.4839
32,7706,781,13.3867,3.80538,26.5301
32,7707,797,13.2735,3.77666,26.4617
32,7708,788,13.4137,3.84264,26.5305
32,7709,794,13.2355,3.76448,26.5542
32,7710,801,13.2372,3.76654,26.5393
32,7711,781,13.3278,3.80666,26.5506
32,7712,782,13.2852,3.77749,26.5524
32,7713,775,13.6297,3.88387,26.609
32,7714,785,13.6166,3.91465,26.6166
32,7715,770,13.5117,3.87662,26.6623
32,7716,767,13.7066,3.92829,26.691
32,7717,775,13.6194,3.93032,26.7329
32,7718,764,13.9071,4.03665,26.7199
32,7719,776,13.8015,4.0232,26.6959
32,7720,789,13.7579,4.0076,26.6616
32,7721,794,13.6877,4.01008,26.7305
32,7722,792,13.9217,4.06818,26.7576
32,7723,803,13.6675,3.99626,26.7422
32,7724,806,13.536,4.01737,26.7667
32,7725,813,13.599,4.0369,26.7897
32,7726,814,13.5786,4.05774,26.774
32,7727,813,13.8487,4.17466,26.7528
32,7728,803,14.0822,4.24782,26.7696
32,7729,778,14.2224,4.29563,26.7686
32,7730,787,14.2757,4.29987,26.7166
32,7731,784,14.2883,4.28954,26.6786
32,7732,780,14.2282,4.26282,26.6923
32,7733,779,14.2657,4.27599,26.6958
32,7734,789,14.3866,4.27757,26.6413
32,7735,792,14.2083,4.18687,26.6086
32,7736,799,14.2578,4.21652,26.5982
32,7737,794,14.2204,4.21159,26.5995
32,7738,807,14.0037,4.17348,26.57
32,7739,813,14.0234,4.14514,26.5855
32,7740,814,13.6143,3.98157,26.5799
32,7741,819,13.8706,4.05983,26.6081
32,7742,807,13.7658,4.06815,26.6766
32,7743,804,13.7313,4.03856,26.6393
32,7744,798,13.7556,4.06642,26.6842
32,7745,803,13.7372,4.066,26.7049
32,7746,805,13.5453,3.98634,26.6509
32,7747,794,13.8703,4.0529,26.6725
32,7748,781,13.8476,4.00896,26.6837
32,7749,791,13.9305,4.03034,26.6473
32,7750,788,13.75,3.95431,26.6091
32,7751,786,13.9453,4.00763,26.5522
32,7752,800,13.935,4.025,26.5925
32,7753,806,13.794,4.00496,26.5931
32,7754,800,13.665,3.94125,26.58
32,7755,800,13.7112,3.975,26.5625
32,7756,810,13.6444,3.94198,26.5556
32,7757,792,13.5657,3.90909,26.5657
32,7758,787,13.8119,3.96188,26.5565
32,7759,809,13.7553,3.93943,26.5834
32,7760,804,13.5211,3.85697,26.5821
32,7761,804,13.5585,3.88682,26.5871
32,7762,804,13.6381,3.89552,26.5771
32,7763,817,13.7001,3.91187,26.5067
32,7764,831,13.5692,3.88087,26.491
32,7765,831,13.6775,3.93742,26.4597
32,7766,826,13.6186,3.91283,26.3487
32,7767,818,13.7152,3.92543,26.3399
32,7768,825,13.9685,4.01091,26.3345
32,7769,825,13.6982,3.91273,26.32
32,7770,832,13.6514,3.91707,26.363
32,7771,841,13.2913,3.84304,26.3781
32,7772,854,13.3033,3.83841,26.4356
32,7773,862,13.4594,3.88979,26.464
32,7774,848,13.6639,3.93278,26.4623
32,7775,841,13.7586,3.9893,26.4851
32,7776,841,14.019,4.08561,26.5279
32,7777,846,13.7612,3.99173,26.5816
32,7778,853,13.6952,4.00821,26.5721
32,7779,858,13.5897,3.98834,26.6131
32,7780,853,13.2896,3.8898,26.5674
32,7781,856,13.0409,3.79556,26.6051
32,7782,871,13.0964,3.77842,26.5786
32,7783,871,13.2342,3.8496,26.5901
32,7784,866,12.9342,3.65704,26.6259
32,7785,854,13.0855,3.68267,26.6136
32,7786,868,13.0726,3.71659,26.682
32,7787,853,13.0668,3.69285,26.6753
32,7788,851,13.2573,3.76733,26.5805
32,7789,852,13.2993,3.81221,26.5845
32,7790,867,13.2572,3.77047,26.5952
32,7791,869,13.2532,3.77906,26.5547
32,7792,876,13.1884,3.76256,26.5868
32,7793,868,13.1751,3.73272,26.5922
32,7794,864,13.1644,3.72917,26.662
32,7795,863,13.3812,3.78216,26.6929
32,7796,873,13.2234,3.72623,26.7125
32,7797,870,13.3207,3.7977,26.7126
32,7798,863,13.0452,3.6883,26.6605
32,7799,843,12.9786,3.64887,26.6074
32,7800,835,13.0958,3.68024,26.5892
32,7801,849,13.2532,3.75265,26.5936
32,7802,862,13.1253,3.74362,26.594
32,7803,869,13.1415,3.73188,26.6375
32,7804,868,13.1878,3.76843,26.6866
32,7805,870,13.1425,3.73563,26.6368
32,7806,881,13.0079,3.74461,26.5403
32,7807,880,13.0273,3.75341,26.5932
32,7808,866,13.1363,3.75982,26.5404
32,7809,864,13.3565,3.82986,26.5231
32,7810,869,13.3475,3.83314,26.5685
32,7811,864,13.1528,3.78009,26.5972
32,7812,869,13.1738,3.7641,26.5224
32,7813,863,13.1657,3.78216,26.5284
32,7814,863,13.2375,3.80765,26.5168
32,7815,865,13.2844,3.81503,26.4948
32,7816,852,13.135,3.74648,26.5188
32,7817,850,13.1941,3.76471,26.4988
32,7818,854,13.0059,3.68501,26.4918
32,7819,844,12.9242,3.67299,26.4834
32,7820,847,12.8619,3.64699,26.4132
32,7821,839,13.1812,3.74017,26.3671
32,7822,833,13.455,3.86555,26.3481
32,7823,837,13.4492,3.87694,26.3823
32,7824,830,13.6542,3.95181,26.359
32,7825,825,13.6509,3.92364,26.4121
32,7826,835,13.5545,3.95569,26.515
32,7827,836,13.4629,3.94378,26.4976
32,7828,841,13.4578,3.92271,26.5327
32,7829,845,13.6083,3.99882,26.5278
32,7830,842,13.576,3.98456,26.5511
32,7831,854,13.5972,3.97892,26.5457
32,7832,864,13.4988,3.97569,26.5093
32,7833,883,13.1189,3.84824,26.5096
32,7834,873,12.8316,3.74341,26.4994
32,7835,871,12.8955,3.77956,26.4868
32,7836,856,13.0724,3.83528,26.479
32,7837,868,13.068,3.82834,26.5346
32,7838,858,13.31,3.90676,26.4825
32,7839,857,13.0397,3.80513,26.4621
32,7840,869,13.0852,3.85155,26.4833
32,7841,861,13.0639,3.78165,26.4413
32,7842,853,13.0223,3.78312,26.4103
32,7843,855,13.1029,3.8269,26.4281
32,7844,859,13.2061,3.88359,26.4563
32,7845,837,13.0538,3.78495,26.3728
32,7846,840,13.1107,3.80238,26.3714
32,7847,839,13.1597,3.84505,26.3957
32,7848,837,13.2246,3.84707,26.4612
32,7849,839,13.4934,3.93802,26.4577
32,7850,834,13.4089,3.91487,26.482
32,7851,833,13.557,3.95678,26.4778
32,7852,836,13.7883,4.04545,26.4737
32,7853,834,14.0635,4.10911,26.4556
32,7854,826,13.8668,4.02542,26.4697
32,7855,837,13.8495,4.05257,26.5233
32,7856,850,13.8012,4.03529,26.5341
32,7857,846,13.8842,4.06147,26.4988
32,7858,849,13.9788,4.10836,26.4876
32,7859,860,13.7826,4.02558,26.486
32,7860,856,13.6425,4.0222,26.4626
32,7861,843,13.5302,3.98932,26.5077
32,7862,839,13.379,3.91538,26.503
32,7863,841,13.4946,3.92509,26.4851
32,7864,850,13.4847,3.92824,26.5482
32,7865,850,13.2953,3.87412,26.4988
32,7866,851,13.1974,3.87309,26.51
32,7867,829,13.2135,3.87214,26.5525
32,7868,816,13.4069,3.93137,26.5417
32,7869,818,13.5648,3.989,26.5183
32,7870,832,13.6046,4,26.5409
32,7871,828,13.7077,4.05314,26.5773
32,7872,828,13.6981,4.04348,26.5652
32,7873,826,13.9092,4.09806,26.5157
32,7874,842,13.7031,4.03919,26.5392
32,7875,841,13.522,3.95006,26.5684
32,7876,838,13.6647,3.96778,26.506
32,7877,840,13.4464,3.92143,26.5167
32,7878,840,13.3488,3.90595,26.55
32,7879,842,13.2197,3.84204,26.5487
32,7880,835,13.0551,3.78323,26.5701
32,7881,842,12.9679,3.75772,26.5558
32,7882,848,13.1167,3.82547,26.5448
32,7883,849,12.96,3.74441,26.4853
32,7884,848,13.1274,3.74057,26.441
32,7885,853,13.1137,3.73271,26.4596
32,7886,846,13.2388,3.73877,26.4255
32,7887,859,13.1688,3.75786,26.475
32,7888,869,13.4005,3.88262,26.5155
32,7889,861,13.5273,3.89895,26.4413
32,7890,848,13.4976,3.85142,26.4009
32,7891,835,13.1904,3.73772,26.4479
32,7892,826,13.109,3.72034,26.4504
32,7893,834,13.1019,3.70384,26.4556
32,7894,836,13.177,3.69139,26.433
32,7895,835,13.0371,3.63353,26.4551
32,7896,835,13.0683,3.70299,26.4934
32,7897,827,13.1923,3.73398,26.4813
32,7898,832,13.3017,3.76923,26.4615
32,7899,844,13.2808,3.79621,26.5095
32,7900,856,13.5,3.87967,26.528
32,7901,847,13.6198,3.91972,26.5502
32,7902,848,13.6415,3.92217,26.559
32,7903,849,13.8092,3.99176,26.5913
32,7904,851,13.745,3.95887,26.564
32,7905,852,13.8826,3.96479,26.5376
32,7906,863,13.7289,3.95944,26.4774
32,7907,864,13.7697,3.95139,26.4352
32,7908,847,13.8666,3.94687,26.3259
32,7909,856,13.7944,3.89836,26.3411
32,7910,863,13.6559,3.83314,26.3453
32,7911,846,13.5201,3.77069,26.3168
32,7912,850,13.5082,3.75647,26.2682
32,7913,855,13.3485,3.70058,26.2456
32,7914,852,13.2993,3.64437,26.2723
32,7915,850,13.5106,3.72471,26.2306
32,7916,848,13.4693,3.71108,26.184
32,7917,861,13.5041,3.74448,26.1347
32,7918,842,13.5107,3.73397,26.2257
32,7919,840,13.606,3.77143,26.1952
32,7920,838,13.7399,3.79475,26.2673
32,7921,841,13.6468,3.75743,26.3092
32,7922,851,13.8202,3.84841,26.3361
32,7923,844,13.7097,3.81398,26.2986
32,7924,845,13.9112,3.83432,26.2391
32,7925,857,14.0362,3.89265,26.2147
32,7926,857,14.1599,3.94399,26.224
32,7927,866,14.2771,4.02194,26.2448
32,7928,847,14.0035,3.93388,26.2385
32,7929,847,14.1086,3.94333,26.2409
32,7930,842,14.0558,3.94062,26.1876
32,7931,861,13.7944,3.84204,26.1533
32,7932,847,13.8701,3.90319,26.2078
32,7933,834,13.7506,3.8729,26.1559
32,7934,832,13.6382,3.81611,26.0481
32,7935,837,13.7061,3.85783,26.0836
32,7936,846,13.6513,3.81087,26.0544
32,7937,848,13.7288,3.85613,26.0307
32,7938,852,13.6526,3.87676,26.054
32,7939,859,13.5972,3.87194,25.9697
32,7940,863,13.5759,3.84241,25.9537
32,7941,852,13.4519,3.72183,25.9249
32,7942,865,13.4486,3.74682,25.9052
32,7943,863,13.2178,3.67671,25.9119
32,7944,875,13.0571,3.62629,25.8743
32,7945,873,13.0916,3.62772,25.8717
32,7946,880,13.2159,3.65455,25.8795
32,7947,879,13.3618,3.67235,25.8544
32,7948,881,13.3008,3.65834,25.8275
32,7949,869,12.9241,3.542,25.9471
32,7950,862,13.2169,3.60673,25.9466
32,7951,868,13.1935,3.59908,25.9885
32,7952,887,13.1736,3.59639,25.9797
32,7953,902,13.1452,3.62417,25.98
32,7954,888,13.3029,3.6464,25.9324
32,7955,888,13.3806,3.63514,25.8671
32,7956,897,13.0524,3.49498,25.9064
32,7957,893,12.9888,3.45913,25.9664
32,7958,903,12.9701,3.43079,25.9225
32,7959,906,12.9349,3.41391,25.9183
32,7960,911,12.9737,3.41822,25.8814
32,7961,909,12.9637,3.42024,25.8482
32,7962,920,12.8348,3.41304,25.8696
32,7963,915,12.7628,3.38033,25.9104
32,7964,919,12.7563,3.36779,25.8955
32,7965,903,12.8361,3.36656,25.8317
32,7966,916,12.8897,3.38646,25.845
32,7967,915,12.9443,3.42951,25.8557
32,7968,908,13.1806,3.50441,25.815
32,7969,914,13.1061,3.48031,25.8359
32,7970,915,13.0317,3.4306,25.8011
32,7971,910,13.1055,3.45385,25.7736
32,7972,905,13.074,3.44199,25.7878
32,7973,906,13.1302,3.5011,25.83
32,7974,907,12.7365,3.32856,25.8236
32,7975,898,12.9243,3.34521,25.7795
32,7976,894,12.6924,3.24609,25.7584
32,7977,895,12.6715,3.25028,25.8011
32,7978,903,12.6822,3.24806,25.8095
32,7979,907,12.7784,3.31753,25.8214
32,7980,920,12.8707,3.35217,25.8152
32,7981,915,13.1574,3.43279,25.7814
32,7982,924,13.1742,3.45671,25.7251
32,7983,921,13.1509,3.44517,25.7394
32,7984,946,12.9397,3.41543,25.7822
32,7985,927,12.8198,3.34951,25.7433
32,7986,924,12.7879,3.34957,25.7511
32,7987,928,12.6573,3.31466,25.7974
32,7988,914,12.8206,3.33479,25.744
32,7989,922,12.8948,3.37527,25.6855
32,7990,921,13.063,3.45385,25.6612
32,7991,909,13.1826,3.46865,25.5908
32,7992,914,13.0678,3.4267,25.6608
32,7993,920,12.8033,3.34891,25.687
32,7994,931,13.0773,3.42105,25.6756
32,7995,915,13.3344,3.48962,25.7005
32,7996,912,13.2599,3.47807,25.6754
32,7997,896,13.4621,3.52455,25.6674
32,7998,900,13.36,3.50444,25.6889
32,7999,890,13.0079,3.38315,25.7146
32,8000,889,12.829,3.31159,25.7098
32,8001,892,12.9843,3.34529,25.6749
32,8002,882,13.1156,3.39002,25.6236
32,8003,887,13.3653,3.46561,25.6099
32,8004,885,13.2294,3.4565,25.548
32,8005,911,13.1109,3.40066,25.5258
32,8006,918,12.9259,3.32571,25.5403
32,8007,907,12.6935,3.25028,25.581
32,8008,901,12.818,3.31743,25.5738
32,8009,895,12.9508,3.30838,25.5084
32,8010,896,13.0212,3.37388,25.5536
32,8011,893,13.1422,3.43225,25.561
32,8012,885,13.139,3.40113,25.5842
32,8013,876,12.9726,3.33105,25.621
32,8014,883,13.0589,3.3658,25.6308
32,8015,883,13.0306,3.40204,25.692
32,8016,882,13.0125,3.37755,25.712
32,8017,892,12.8498,3.32735,25.6816
32,8018,884,13.129,3.40045,25.6403
32,8019,881,13.0511,3.38933,25.6663
32,8020,869,12.9137,3.3038,25.5949
32,8021,856,12.882,3.30607,25.5911
32,8022,871,12.7945,3.23995,25.5224
32,8023,891,12.8013,3.2862,25.5533
32,8024,905,12.5503,3.20331,25.5536
32,8025,893,12.5151,3.17581,25.5342
32,8026,897,12.7447,3.27982,25.5697
32,8027,906,12.585,3.23179,25.6159
32,8028,904,12.5542,3.22345,25.6106
32,8029,906,12.7693,3.31126,25.5717
32,8030,897,12.6934,3.2553,25.5674
32,8031,903,12.7353,3.24031,25.5947
32,8032,913,12.8576,3.26725,25.6298
32,8033,923,12.9512,3.29577,25.6121
32,8034,917,12.9553,3.29335,25.5943
32,8035,934,12.8651,3.32227,25.6681
32,8036,940,13.0245,3.37234,25.6574
32,8037,931,13.1901,3.43824,25.6842
32,8038,945,13.2328,3.43175,25.7228
32,8039,948,13.1171,3.40401,25.711
32,8040,953,12.9433,3.34732,25.7083
32,8041,953,13.0126,3.37566,25.7335
32,8042,970,13.0577,3.38763,25.7711
32,8043,979,13.1869,3.43309,25.8161
32,8044,978,13.0082,3.3865,25.7566
32,8045,977,13.2242,3.48106,25.7748
32,8046,977,13.2958,3.50461,25.7789
32,8047,965,13.2933,3.47979,25.7451
32,8048,969,13.1558,3.45511,25.8039
32,8049,956,13.295,3.50314,25.8285
32,8050,962,13.0146,3.4158,25.8191
32,8051,960,12.9177,3.39896,25.8292
32,8052,958,12.7526,3.38205,25.8664
32,8053,967,12.5595,3.33919,25.8945
32,8054,954,12.5472,3.33229,25.847
32,8055,959,12.5401,3.33785,25.8624
32,8056,958,12.6159,3.34551,25.8914
32,8057,959,12.6882,3.38373,25.8665
32,8058,931,12.6155,3.33405,25.869
32,8059,928,12.569,3.31358,25.8513
32,8060,927,12.5318,3.30636,25.8209
32,8061,939,12.3003,3.2066,25.8211
32,8062,925,12.4011,3.23459,25.8162
32,8063,928,12.6832,3.32435,25.7802
32,8064,901,12.5372,3.25416,25.7891
32,8065,896,12.4911,3.21875,25.8192
32,8066,898,12.4855,3.21492,25.7773
32,8067,917,12.4733,3.22356,25.7535
32,8068,921,12.6319,3.30185,25.7807
32,8069,912,12.534,3.24452,25.7149
32,8070,917,12.614,3.26499,25.7514
32,8071,924,12.5877,3.27273,25.7338
32,8072,907,12.5248,3.24256,25.7133
32,8073,907,12.4697,3.21389,25.6957
32,8074,916,12.369,3.1976,25.7183
32,8075,913,12.6221,3.31654,25.6933
32,8076,919,12.5767,3.35038,25.7323
32,8077,904,12.6139,3.3385,25.7478
32,8078,904,12.6892,3.37721,25.7965
32,8079,901,12.7336,3.41176,25.8868
32,8080,906,12.6943,3.40949,25.9051
32,8081,900,12.7878,3.45111,25.8822
32,8082,904,12.9569,3.50553,25.9403
32,8083,908,12.9626,3.51652,25.9295
32,8084,908,12.9163,3.4967,25.9097
32,8085,910,12.8813,3.5033,25.9121
32,8086,903,12.8793,3.4773,25.9136
32,8087,922,12.7983,3.47289,25.9913
32,8088,926,12.7603,3.43952,25.9028
32,8089,918,12.6906,3.40741,25.8671
32,8090,928,12.5011,3.33513,25.8836
32,8091,939,12.4121,3.29925,25.8317
32,8092,940,12.4128,3.29894,25.8532
32,8093,935,12.6246,3.38503,25.8567
32,8094,942,12.6348,3.36518,25.8004
32,8095,941,12.6121,3.34857,25.8385
32,8096,937,12.7866,3.36393,25.8719
32,8097,927,12.7864,3.3452,25.8598
32,8098,933,12.7588,3.35798,25.9164
32,8099,920,12.9196,3.38696,25.8543
32,8100,929,12.7955,3.35845,25.8515
32,8101,933,12.8671,3.40086,25.8778
32,8102,935,12.9925,3.41283,25.8952
32,8103,949,13.0063,3.43941,25.9536
32,8104,942,13.069,3.44798,25.9278
32,8105,946,12.9397,3.36575,25.9154
32,8106,938,13.2964,3.51599,25.9254
32,8107,942,13.4469,3.5966,25.8938
32,8108,944,13.2373,3.54979,25.8665
32,8109,937,13.2839,3.55283,25.8698
32,8110,937,13.3565,3.58485,25.8356
32,8111,926,13.1998,3.49892,25.7991
32,8112,926,12.9557,3.446,25.838
32,8113,928,12.9763,3.4569,25.8297
32,8114,930,13.0269,3.49462,25.8667
32,8115,915,12.9169,3.44699,25.8798
32,8116,922,12.8872,3.44794,25.9089
32,8117,922,13.0065,3.46963,25.8937
32,8118,929,13.0495,3.49946,25.8773
32,8119,917,12.9477,3.49073,25.8822
32,8120,927,12.9245,3.50917,25.9784
32,8121,934,13.0054,3.51713,26.0385
32,8122,925,12.9751,3.48757,26.0692
32,8123,930,13.0118,3.46559,26.0387
32,8124,933,13.1072,3.49946,26.045
32,8125,921,13.1683,3.52443,26.0239
32,8126,921,12.9175,3.43322,25.987
32,8127,909,12.989,3.49175,26.0264
32,8128,920,12.9598,3.44457,26.0326
32,8129,931,12.8378,3.41568,26.0193
32,8130,920,12.9859,3.47391,26.0065
32,8131,934,12.8704,3.41756,26.015
32,8132,935,12.9005,3.48342,25.9893
32,8133,925,12.8962,3.49189,25.9762
32,8134,929,12.8676,3.47686,26.0517
32,8135,931,12.8808,3.52417,26.0773
32,8136,927,12.8749,3.48652,26.082
32,8137,923,12.7757,3.44529,26.0607
32,8138,919,12.9423,3.50598,26.0218
32,8139,914,12.8873,3.50109,26
32,8140,920,12.7033,3.41196,26.0109
32,8141,926,12.8499,3.49028,26.0216
32,8142,916,12.7806,3.47271,26.059
32,8143,927,12.7627,3.44552,26.0237
32,8144,919,12.9217,3.49184,26.0109
32,8145,916,12.8876,3.48253,26.0983
32,8146,908,12.87,3.47247,26.0683
32,8147,899,12.9477,3.49055,26.0712
32,8148,889,12.9741,3.49381,26.0382
32,8149,876,13.1598,3.56507,26.0251
32,8150,869,13.1507,3.59379,26.0391
32,8151,873,13.0916,3.60252,26.0206
32,8152,875,12.952,3.59886,26.0526
32,8153,869,13.0552,3.62601,26.0944
32,8154,890,12.9427,3.62697,26.1461
32,8155,882,12.9955,3.64853,26.0839
32,8156,885,12.9164,3.63729,26.0791
32,8157,894,12.7629,3.57942,26.0895
32,8158,907,12.7817,3.61632,26.1257
32,8159,911,12.7816,3.59056,26.1383
32,8160,898,12.804,3.5657,26.1715
32,8161,890,12.9169,3.56292,26.1685
32,8162,901,12.8113,3.53385,26.2064
32,8163,905,12.8785,3.59779,26.2475
32,8164,901,12.6448,3.50388,26.2974
32,8165,908,12.5694,3.47026,26.315
32,8166,899,12.5261,3.43048,26.2759
32,8167,907,12.6329,3.50386,26.3616
32,8168,895,12.5788,3.47598,26.4112
32,8169,908,12.5837,3.51101,26.4559
32,8170,915,12.5563,3.52568,26.4962
32,8171,912,12.7138,3.5625,26.511
32,8172,913,12.9124,3.65827,26.5082
32,8173,889,12.9123,3.66142,26.4859
32,8174,877,13.0011,3.67389,26.4835
32,8175,858,13.3077,3.80769,26.5385
32,8176,847,13.2668,3.78985,26.5998
32,8177,855,13.2573,3.80702,26.6222
32,8178,863,12.8795,3.68714,26.6141
32,8179,860,13.2128,3.75233,26.5791
32,8180,857,13.2614,3.77363,26.5601
32,8181,868,13.0161,3.73963,26.6452
32,8182,881,12.7333,3.6924,26.6992
32,8183,884,12.5486,3.61652,26.7398
32,8184,875,12.6811,3.66629,26.7337
32,8185,868,12.712,3.65323,26.7857
32,8186,866,12.7275,3.65012,26.8245
32,8187,875,12.8423,3.70171,26.9029
32,8188,859,12.8673,3.71129,26.936
32,8189,855,13.014,3.76959,26.9567
32,8190,846,13.0331,3.80024,26.9645
32,8191,858,12.9184,3.77855,27.0023
32,8192,863,12.6848,3.69293,26.9896
32,8193,864,12.8738,3.77662,27.0185
32,8194,862,12.7993,3.78422,27.0974
32,8195,863,12.8273,3.7752,27.0452
32,8196,861,12.9292,3.82114,27.0476
32,8197,860,12.957,3.81395,27.0605
32,8198,864,13.0995,3.82523,27.0162
32,8199,865,13.163,3.83237,27.0058
32,8200,860,13.1023,3.8,27.0953
32,8201,856,13.2407,3.85397,27.0724
32,8202,862,13.3596,3.86311,27.0603
32,8203,853,13.2415,3.82767,27.102
32,8204,854,13.0925,3.76464,27.1335
32,8205,852,13.1279,3.76056,27.1408
32,8206,851,13.1915,3.80846,27.2244
32,8207,846,13.2069,3.80024,27.1844
32,8208,851,13.141,3.79671,27.1633
32,8209,851,13.074,3.74853,27.0482
32,8210,845,13.2331,3.81302,27.0036
32,8211,839,13.1418,3.78903,26.9869
32,8212,833,13.1621,3.81633,26.994
32,8213,833,13.1513,3.82713,27.0108
32,8214,845,13.1432,3.82367,26.9941
32,8215,841,13.1724,3.83115,27.0131
32,8216,833,13.2353,3.82833,27.03
32,8217,851,12.8461,3.70388,27.0905
32,8218,839,12.9988,3.73897,27.1085
32,8219,838,13.222,3.83413,27.1074
32,8220,839,13.2908,3.87962,27.087
32,8221,845,13.3491,3.89822,27.0414
32,8222,851,13.2738,3.86604,26.9965
32,8223,847,13.1665,3.82409,26.9351
32,8224,837,13.0609,3.80765,26.9367
32,8225,838,13.4177,3.96181,26.9332
32,8226,846,13.0437,3.82388,26.896
32,8227,847,12.9126,3.77922,26.8713
32,8228,847,13.1558,3.88076,26.8477
32,8229,842,13.2506,3.85392,26.7838
32,8230,845,13.284,3.88047,26.8331
32,8231,851,13.0693,3.83079,26.8296
32,8232,838,13.2279,3.88425,26.8329
32,8233,826,12.9976,3.7845,26.8063
32,8234,822,13.0353,3.77251,26.8151
32,8235,824,13.0012,3.75,26.7718
32,8236,825,13.0109,3.77818,26.7758
32,8237,823,12.8834,3.7181,26.8019
32,8238,840,12.8976,3.75357,26.781
32,8239,842,12.899,3.75297,26.7886
32,8240,838,13.1325,3.80788,26.7709
32,8241,824,13.4138,3.8665,26.7112
32,8242,817,13.2362,3.82497,26.6805
32,8243,829,13.3076,3.87334,26.69
32,8244,811,13.3416,3.84587,26.656
32,8245,815,13.1791,3.76196,26.6822
32,8246,820,13.0524,3.75,26.6634
32,8247,816,13.065,3.77574,26.6446
32,8248,828,13.0978,3.75966,26.6884
32,8249,826,12.8245,3.63196,26.6489
32,8250,840,12.8929,3.6631,26.6619
32,8251,853,12.8851,3.71864,26.6659
32,8252,860,12.8128,3.67558,26.6651
32,8253,874,12.8673,3.68078,26.7162
32,8254,889,12.7154,3.6378,26.6929
32,8255,894,12.7796,3.6264,26.6756
32,8256,884,12.8767,3.70362,26.7195
32,8257,894,12.4866,3.58837,26.7852
32,8258,897,12.5084,3.54181,26.7715
32,8259,875,12.5291,3.48571,26.7337
32,8260,877,12.6579,3.51539,26.7617
32,8261,869,12.9183,3.58343,26.7388
32,8262,867,12.9435,3.60554,26.7497
32,8263,863,13.0348,3.63499,26.7555
32,8264,858,12.9149,3.5979,26.7669
32,8265,859,13.0466,3.62282,26.7357
32,8266,863,12.6918,3.53534,26.7972
32,8267,867,12.9066,3.60092,26.7843
32,8268,854,12.8642,3.60773,26.7775
32,8269,862,12.891,3.65429,26.7842
32,8270,867,12.9227,3.68051,26.7266
32,8271,870,12.7184,3.61379,26.6644
32,8272,866,12.5127,3.54388,26.6005
32,8273,857,12.5659,3.54376,26.6184
32,8274,857,12.5356,3.54026,26.5741
32,8275,861,12.6121,3.56911,26.5575
32,8276,858,12.655,3.6049,26.634
32,8277,859,12.6705,3.5844,26.638
32,8278,869,12.4983,3.49942,26.5892
32,8279,872,12.5172,3.49885,26.6261
32,8280,866,12.545,3.48268,26.5704
32,8281,883,12.6625,3.53001,26.5821
32,8282,881,12.7072,3.53689,26.5426
32,8283,889,12.8211,3.59055,26.5062
32,8284,892,13.0605,3.67713,26.5269
32,8285,877,12.9202,3.59407,26.4994
32,8286,879,12.909,3.63709,26.3595
32,8287,876,13.113,3.70091,26.3607
32,8288,871,13.2847,3.80138,26.4294
32,8289,863,13.1877,3.76941,26.4148
32,8290,873,13.2932,3.81787,26.3826
32,8291,871,13.1814,3.7876,26.3421
32,8292,880,13.0739,3.77727,26.35
32,8293,884,13.043,3.75566,26.371
32,8294,876,13.0251,3.73288,26.4132
32,8295,866,13.015,3.71594,26.4203
32,8296,876,13.0685,3.72831,26.4566
32,8297,872,13.1835,3.76376,26.4128
32,8298,883,13.2899,3.78143,26.3918
32,8299,906,13.0033,3.73841,26.4768
32,8300,899,13.0389,3.76641,26.5206
32,8301,893,12.9686,3.71557,26.43
32,8302,883,13.1087,3.77123,26.4349
32,8303,894,13.0358,3.75391,26.4318
32,8304,898,13.1325,3.75278,26.3964
32,8305,894,13.0649,3.70358,26.3647
32,8306,903,12.8317,3.68328,26.4363
32,8307,894,12.9474,3.70134,26.4743
32,8308,879,12.9249,3.6678,26.4892
32,8309,868,13.1705,3.74078,26.4977
32,8310,874,13.3066,3.77231,26.5149
32,8311,884,13.1143,3.72511,26.5204
32,8312,870,13.031,3.68276,26.5379
32,8313,868,13.0242,3.67396,26.6382
32,8314,867,13.0138,3.62514,26.5952
32,8315,873,13.2176,3.69187,26.5223
32,8316,867,13.2318,3.69319,26.4867
32,8317,859,13.1444,3.66123,26.4237
32,8318,865,13.0555,3.60347,26.4578
32,8319,862,13.0893,3.67517,26.4826
32,8320,849,13.2026,3.72203,26.4971
32,8321,848,13.0672,3.66509,26.559
32,8322,850,13.0129,3.68941,26.5529
32,8323,854,13.0433,3.72365,26.5176
32,8324,860,12.886,3.66163,26.5349
32,8325,860,13.0663,3.77558,26.5279
32,8326,862,13.1381,3.75522,26.5081
32,8327,869,13.3337,3.84235,26.5155
32,8328,876,13.4977,3.90183,26.5114
32,8329,870,13.5667,3.91034,26.4667
32,8330,862,13.3852,3.83643,26.3782
32,8331,854,13.2881,3.81499,26.3489
32,8332,854,13.3958,3.89344,26.3677
32,8333,866,13.261,3.8418,26.3857
32,8334,862,13.0916,3.81323,26.3341
32,8335,868,13.0634,3.84447,26.3848
32,8336,872,13.1732,3.86239,26.3761
32,8337,891,13.018,3.81257,26.3793
32,8338,892,13.2265,3.91256,26.4395
32,8339,886,13.1772,3.8781,26.3318
32,8340,885,13.3107,3.90282,26.3593
32,8341,877,13.3637,3.93387,26.3968
32,8342,885,13.1842,3.8565,26.4316
32,8343,882,13.1327,3.83333,26.3855
32,8344,881,12.8944,3.71623,26.4291
32,8345,859,12.9744,3.71013,26.4726
32,8346,868,13.1959,3.83295,26.5184
32,8347,856,13.389,3.89252,26.4813
32,8348,863,13.3349,3.86095,26.4311
32,8349,863,13.1958,3.82735,26.4241
32,8350,871,13.2113,3.85878,26.4638
32,8351,865,13.2,3.85896,26.4671
32,8352,864,13.0613,3.78819,26.4537
32,8353,869,12.9563,3.74223,26.4373
32,8354,865,12.9838,3.76994,26.3861
32,8355,878,12.9431,3.74943,26.3531
32,8356,883,12.9241,3.79049,26.3284
32,8357,899,12.9399,3.7842,26.3448
32,8358,904,12.9004,3.80752,26.4049
32,8359,884,12.8857,3.76923,26.3688
32,8360,875,12.8491,3.75657,26.3543
32,8361,865,12.748,3.71214,26.4023
32,8362,868,12.7788,3.73387,26.3571
32,8363,868,12.8675,3.75922,26.4147
32,8364,864,13.2454,3.86921,26.4421
32,8365,863,13.2966,3.84705,26.489
32,8366,857,13.3349,3.8273,26.4644
32,8367,861,13.2938,3.79443,26.4088
32,8368,855,13.3251,3.78363,26.4023
32,8369,866,12.8753,3.66513,26.4434
32,8370,869,13.0035,3.67664,26.481
32,8371,873,13.1203,3.68614,26.4353
32,8372,867,13.1015,3.68973,26.466
32,8373,861,13.1823,3.74216,26.4878
32,8374,858,13.0524,3.68531,26.5058
32,8375,865,13.0162,3.68324,26.4832
32,8376,868,13.0864,3.70737,26.4171
32,8377,860,13.0977,3.6814,26.4372
32,8378,867,13.1292,3.67705,26.4821
32,8379,861,13.0488,3.65157,26.4646
32,8380,851,13.1739,3.68508,26.4254
32,8381,856,13.2617,3.71612,26.3832
32,8382,836,13.0455,3.63636,26.4163
32,8383,846,13.1052,3.6513,26.4397
32,8384,860,13.2535,3.72907,26.4186
32,8385,850,13.1741,3.70706,26.3882
32,8386,852,13.169,3.7007,26.4507
32,8387,864,13.0752,3.68866,26.4722
32,8388,862,13.0545,3.70302,26.5313
32,8389,854,13.1651,3.75995,26.555
32,8390,850,13.3224,3.84353,26.5906
32,8391,852,13.4507,3.84624,26.5681
32,8392,849,13.4841,3.8563,26.4711
32,8393,849,13.6372,3.93757,26.49
32,8394,844,13.8187,3.99052,26.4716
32,8395,846,13.9917,4.04965,26.4823
32,8396,841,13.61,3.87158,26.5137
32,8397,852,13.7969,3.96948,26.5352
32,8398,859,13.8917,4.00233,26.4424
32,8399,861,13.662,4,26.4297
32,8400,860,13.7965,4.05698,26.4
32,8401,850,13.6306,4.00235,26.4235
32,8402,849,13.702,4.06949,26.4829
32,8403,857,13.7188,4.08985,26.4784
32,8404,861,13.5679,4.02555,26.4646
32,8405,870,13.5391,4.03333,26.5425
32,8406,878,13.5091,4.0205,26.4966
32,8407,873,13.583,4.06644,26.5934
32,8408,869,13.7514,4.10702,26.6191
32,8409,868,13.7362,4.0841,26.6843
32,8410,846,13.3274,3.90544,26.7234
32,8411,863,13.2561,3.88181,26.6744
32,8412,856,13.2371,3.87967,26.6916
32,8413,847,13.0744,3.87721,26.7957
32,8414,856,13.0491,3.8785,26.8014
32,8415,861,13.1998,3.93728,26.7573
32,8416,863,13.2433,3.95944,26.7926
32,8417,864,13.2407,3.91667,26.8287
32,8418,871,13.2342,3.89667,26.7646
32,8419,885,13.1695,3.88475,26.7435
32,8420,881,13.1827,3.90579,26.7219
32,8421,870,13.2011,3.91379,26.6874
32,8422,862,13.5035,4.00348,26.6821
32,8423,863,13.5574,4.03824,26.6373
32,8424,865,13.3237,3.93642,26.5942
32,8425,844,13.2547,3.87085,26.6682
32,8426,860,12.9709,3.78837,26.6419
32,8427,855,13.076,3.8269,26.6152
32,8428,859,13.1106,3.85681,26.6822
32,8429,861,13.1324,3.87689,26.6992
32,8430,872,13.2374,3.94954,26.7133
32,8431,887,13.3236,3.99098,26.726
32,8432,880,13.2966,3.96705,26.7386
32,8433,879,13.3527,3.95336,26.7804
32,8434,883,13.325,3.96036,26.7678
32,8435,884,13.2681,3.93552,26.7692
32,8436,879,13.289,3.96587,26.7622
32,8437,873,13.11,3.95304,26.7583
32,8438,862,13.2239,3.95244,26.7355
32,8439,860,13.1651,3.90814,26.7419
32,8440,858,13.2844,3.9359,26.7319
32,8441,850,13.2953,3.90235,26.6776
32,8442,856,13.3598,3.88551,26.6402
32,8443,867,13.2757,3.82814,26.6251
32,8444,872,13.2833,3.79243,26.5963
32,8445,864,13.0174,3.70486,26.5602
32,8446,863,13.0707,3.75898,26.5632
32,8447,867,13.0219,3.77509,26.5721
32,8448,871,12.9931,3.78645,26.6383
32,8449,869,13.1151,3.8435,26.6582
32,8450,869,13.1899,3.86766,26.6766
32,8451,861,13.1661,3.82695,26.6086
32,8452,872,13.0115,3.82225,26.6491
32,8453,871,12.9644,3.79449,26.6429
32,8454,864,13.1424,3.83218,26.6181
32,8455,868,13.1509,3.82028,26.5576
32,8456,879,12.8669,3.7463,26.5666
32,8457,877,12.7571,3.65564,26.5587
32,8458,879,12.7986,3.68714,26.6166
32,8459,884,12.8722,3.69683,26.5588
32,8460,894,12.9732,3.74273,26.5347
32,8461,879,13.0432,3.78157,26.5575
32,8462,884,13.2229,3.88688,26.5158
32,8463,878,13.4077,3.93736,26.549
32,8464,873,13.3139,3.92784,26.6346
32,8465,883,13.12,3.8607,26.6704
32,8466,883,12.9309,3.7667,26.6818
32,8467,887,12.8478,3.76776,26.6855
32,8468,883,12.9604,3.82106,26.7293
32,8469,874,13.1728,3.88444,26.7002
32,8470,876,13.2272,3.89269,26.7671
32,8471,868,13.2212,3.89401,26.7558
32,8472,875,13.2411,3.93257,26.72
32,8473,879,13.182,3.89989,26.7509
32,8474,875,13.2274,3.904,26.8023
32,8475,866,12.9815,3.79908,26.8176
32,8476,854,12.9087,3.76347,26.815
32,8477,864,12.9606,3.85185,26.8495
32,8478,847,12.9705,3.8595,26.8619
32,8479,848,13.2972,3.97288,26.8962
32,8480,855,13.1357,3.9462,26.9848
32,8481,864,13.1562,3.9456,26.9977
32,8482,863,13.0788,3.93163,26.9479
32,8483,863,13.2306,4.00232,27.0081
32,8484,867,13.3126,4.02884,26.9758
32,8485,861,13.302,4.02787,26.9872
32,8486,856,13.2804,4.00584,26.972
32,8487,855,13.0374,3.90058,26.9287
32,8488,844,13.0047,3.859,26.8507
32,8489,848,12.8314,3.78656,26.8113
32,8490,838,12.8449,3.7852,26.7947
32,8491,843,12.9371,3.81139,26.7568
32,8492,835,12.9269,3.81437,26.7904
32,8493,831,12.8508,3.75692,26.8039
32,8494,823,12.8348,3.76914,26.8141
32,8495,831,12.8039,3.80505,26.8087
32,8496,834,12.9173,3.83933,26.8273
32,8497,826,13.1283,3.91646,26.7651
32,8498,827,12.9553,3.8283,26.7908
32,8499,824,12.8993,3.83981,26.7767
32,8500,835,13.0359,3.93413,26.8096
32,8501,840,13.0393,3.95357,26.7667
32,8502,827,13.1911,3.97823,26.7618
32,8503,832,13.2476,4.02404,26.7332
32,8504,835,13,3.92096,26.721
32,8505,837,13.0131,3.91278,26.7599
32,8506,847,13.0295,3.9327,26.7769
32,8507,825,12.8339,3.84242,26.8024
32,8508,830,12.912,3.86024,26.8024
32,8509,821,12.9452,3.86724,26.916
32,8510,827,12.9964,3.87062,26.8319
32,8511,834,13.0647,3.89448,26.8873
32,8512,835,13.2862,4.0024,26.8551
32,8513,844,13.2145,3.98934,26.8389
32,8514,853,13.1419,3.93904,26.8394
32,8515,856,13.0911,3.90771,26.8528
32,8516,860,13.0733,3.88953,26.8419
32,8517,857,12.8588,3.75613,26.7585
32,8518,857,12.9335,3.77713,26.7701
32,8519,870,12.6207,3.71379,26.7908
32,8520,849,12.8351,3.77503,26.7585
32,8521,852,12.939,3.81455,26.7465
32,8522,854,12.7845,3.7541,26.7073
32,8523,856,12.6904,3.75584,26.7757
32,8524,863,12.54,3.71495,26.8806
32,8525,875,12.7086,3.81257,26.9486
32,8526,861,13.029,3.92915,26.9872
32,8527,858,13.1585,3.9627,27.0326
32,8528,855,13.1754,3.96842,27.1181
32,8529,855,13.2433,3.96608,27.1298
32,8530,865,13.2983,4.01965,27.2069
32,8531,868,13.2235,3.97926,27.1498
32,8532,863,13.3557,4.00927,27.0684
32,8533,863,13.3569,3.98494,27.0707
32,8534,848,13.2653,3.94458,27.0094
32,8535,853,13.0633,3.91676,27.0223
32,8536,854,13.089,3.91803,26.9204
32,8537,849,12.9458,3.85395,26.98
32,8538,840,12.9429,3.88452,27.0071
32,8539,840,12.9964,3.90238,26.9667
32,8540,844,13.2382,4.02014,26.9739
32,8541,843,13.4259,4.06406,26.9276
32,8542,833,13.4358,4.07203,26.9004
32,8543,844,13.609,4.15877,26.955
32,8544,849,13.3204,4.06007,26.8975
32,8545,832,13.5877,4.14663,26.8558
32,8546,836,13.6974,4.19019,26.9067
32,8547,830,13.4651,4.1253,27.0096
32,8548,813,13.4686,4.14268,27.0431
32,8549,825,13.3927,4.15273,27.1152
32,8550,816,13.5282,4.18873,27.1176
32,8551,819,13.5226,4.21001,27.16
32,8552,820,13.6646,4.25854,27.2293
32,8553,822,13.5754,4.25061,27.2895
32,8554,807,13.6468,4.30607,27.3482
32,8555,807,13.6208,4.31599,27.3333
32,8556,794,13.6411,4.28589,27.335
32,8557,798,13.6842,4.32957,27.3534
32,8558,798,13.6617,4.2782,27.3058
32,8559,798,13.7607,4.30952,27.3434
32,8560,816,13.6176,4.23775,27.3505
32,8561,814,13.7297,4.28256,27.3686
32,8562,815,13.6761,4.22577,27.3693
32,8563,819,13.5812,4.18437,27.3626
32,8564,822,13.4477,4.13504,27.3212
32,8565,819,13.1746,4.01954,27.3724
32,8566,814,13.1966,4.06388,27.4595
32,8567,818,13.2164,4.09413,27.4279
32,8568,819,13.1038,4.03541,27.4139
32,8569,817,13.2509,4.11261,27.3635
32,8570,821,13.5798,4.21315,27.3666
32,8571,823,13.4386,4.13852,27.373
32,8572,819,13.5751,4.20879,27.3162
32,8573,821,13.6602,4.22777,27.3423
32,8574,817,13.5716,4.24113,27.2974
32,8575,814,13.5872,4.2973,27.3686
32,8576,805,13.6261,4.29689,27.3963
32,8577,802,13.6284,4.30798,27.4364
32,8578,821,13.648,4.37515,27.4787
32,8579,820,13.8646,4.41463,27.4829
32,8580,823,13.7388,4.42527,27.4872
32,8581,836,13.5323,4.39115,27.5167
32,8582,834,13.2446,4.23022,27.4412
32,8583,823,13.1312,4.2017,27.4143
32,8584,830,13.1651,4.20964,27.4
32,8585,833,13.0888,4.20888,27.4862
32,8586,828,13.2331,4.25242,27.4758
32,8587,809,13.0606,4.14957,27.5328
32,8588,801,13.3333,4.27466,27.4881
32,8589,806,13.3672,4.28412,27.4913
32,8590,794,13.5882,4.33123,27.4534
32,8591,796,13.8568,4.42337,27.4472
32,8592,788,13.9112,4.45178,27.4137
32,8593,790,13.6494,4.31899,27.443
32,8594,793,13.7692,4.35939,27.3897
32,8595,804,13.5983,4.27861,27.4204
32,8596,815,13.4748,4.30429,27.4086
32,8597,821,13.2205,4.21803,27.3983
32,8598,821,13.0207,4.18149,27.3861
32,8599,838,12.8568,4.09427,27.3652
32,8600,835,12.8156,4.06826,27.4156
32,8601,827,12.9589,4.14752,27.4921
32,8602,825,13.137,4.19273,27.4448
32,8603,836,12.8828,4.13517,27.5239
32,8604,841,13.1867,4.25565,27.4744
32,8605,848,13.355,4.30189,27.4906
32,8606,856,13.493,4.33411,27.521
32,8607,862,13.4838,4.29698,27.5012
32,8608,872,13.3005,4.23509,27.4197
32,8609,852,13.5423,4.31103,27.4038
32,8610,843,13.2693,4.17675,27.4804
32,8611,830,13.2349,4.17711,27.4217
32,8612,831,13.2082,4.16486,27.367
32,8613,836,13.2703,4.17823,27.3349
32,8614,833,13.0636,4.08283,27.3133
32,8615,824,13.1638,4.14927,27.3204
32,8616,834,13.4796,4.25779,27.3118
32,8617,830,13.4747,4.24458,27.241
32,8618,833,13.545,4.30372,27.2485
32,8619,828,13.4952,4.31763,27.2633
32,8620,832,13.5817,4.35938,27.3005
32,8621,833,13.3806,4.2617,27.2581
32,8622,815,13.5877,4.33497,27.2049
32,8623,821,13.4117,4.28502,27.1912
32,8624,818,13.11,4.13692,27.1638
32,8625,810,13.063,4.12222,27.1753
32,8626,815,13.0123,4.06626,27.146
32,8627,815,13.4196,4.20368,27.1288
32,8628,815,13.3166,4.13988,27.0945
32,8629,822,13.2956,4.14112,27.1119
32,8630,819,13.0293,4.01343,27.0818
32,8631,819,13.2125,4.08669,27.0989
32,8632,822,13.208,4.11192,27.1217
32,8633,813,13.1427,4.0615,27.0332
32,8634,813,13.3235,4.12423,27.0972
32,8635,813,13.2829,4.15621,27.1538
32,8636,810,13.2395,4.1,27.0716
32,8637,821,13.352,4.18392,27.0792
32,8638,815,13.4074,4.21595,27.119
32,8639,816,13.4718,4.2549,27.1127
32,8640,826,13.4952,4.26029,27.1501
32,8641,827,13.2938,4.1838,27.0859
32,8642,825,13.3152,4.21212,27.0836
32,8643,827,13.4329,4.2503,27.081
32,8644,829,13.3812,4.20748,27.0712
32,8645,831,13.4717,4.21901,27.0734
32,8646,836,13.4127,4.20455,27.0694
32,8647,835,13.6778,4.27665,27.0228
32,8648,849,13.7727,4.35336,27.0035
32,8649,857,13.6686,4.33372,27.0618
32,8650,847,13.5561,4.32822,27.0649
32,8651,852,13.3439,4.223,27.115
32,8652,844,13.2038,4.17536,27.1374
32,8653,841,13.0999,4.11534,27.0916
32,8654,838,13.1695,4.12888,27.1002
32,8655,838,12.926,4.02506,27.0764
32,8656,839,13.0298,4.02503,27.0322
32,8657,837,13.1947,4.05018,27.0299
32,8658,834,13.2866,4.08513,27.0264
32,8659,841,12.8811,3.90963,27.0226
32,8660,835,12.9737,3.95329,27.0371
32,8661,837,13.1673,4.03823,27.0418
32,8662,843,13.2633,4.08778,27.0107
32,8663,840,13.5333,4.1381,27.0262
32,8664,841,13.7277,4.2176,27.0416
32,8665,842,13.614,4.18409,27.1021
32,8666,851,13.765,4.24912,27.1304
32,8667,861,13.6283,4.21254,27.18
32,8668,868,13.5749,4.20392,27.2074
32,8669,869,13.3797,4.13349,27.2474
32,8670,855,13.3696,4.1462,27.3029
32,8671,853,13.3646,4.13834,27.3411
32,8672,864,13.3183,4.13773,27.3542
32,8673,857,13.6488,4.23337,27.3582
32,8674,854,13.6557,4.23302,27.3255
32,8675,858,13.5979,4.24942,27.3263
32,8676,844,13.8389,4.35427,27.3389
32,8677,845,13.7112,4.30296,27.3112
32,8678,848,13.7264,4.29009,27.2877
32,8679,840,13.6179,4.22857,27.219
32,8680,843,13.586,4.21115,27.21
32,8681,839,13.8296,4.3385,27.2157
32,8682,837,13.9008,4.33931,27.1661
32,8683,830,13.9783,4.35181,27.1108
32,8684,824,13.9138,4.29854,27.1335
32,8685,821,13.6468,4.21803,27.2326
32,8686,811,13.5783,4.25771,27.2059
32,8687,819,13.6349,4.28571,27.1868
32,8688,825,13.3879,4.17939,27.1855
32,8689,824,13.3107,4.14563,27.1359
32,8690,821,13.173,4.07917,27.1255
32,8691,824,13.0388,4.01578,27.0388
32,8692,835,13.0659,4.00599,27.0084
32,8693,836,13.1148,4.00239,26.9976
32,8694,853,12.694,3.80891,26.9097
32,8695,854,12.5878,3.80562,26.9344
32,8696,862,12.5162,3.78538,26.9211
32,8697,869,12.2842,3.68585,26.9712
32,8698,876,12.3459,3.69406,27.0342
32,8699,874,12.1865,3.59039,27.016
32,8700,867,12.4475,3.69319,27.0381
32,8701,874,12.3982,3.6865,27.0183
32,8702,879,12.5449,3.72241,27.0216
32,8703,884,12.3077,3.67081,26.948
32,8704,880,12.3568,3.70682,26.9795
32,8705,866,12.545,3.77714,26.9723
32,8706,875,12.6343,3.80686,27.0217
32,8707,875,12.8743,3.91314,27.0811
32,8708,876,13.0936,4.00457,27.0091
32,8709,880,13.1216,3.98864,27.0205
32,8710,882,13.2279,3.97166,26.9138
32,8711,876,13.3516,4.01598,26.8151
32,8712,875,13.3497,4.008,26.848
32,8713,888,13.4122,4.05405,26.8896
32,8714,894,13.4016,4.06152,26.877
32,8715,893,13.4726,4.08511,26.8891
32,8716,898,13.3786,4.05679,26.9131
32,8717,904,13.219,4.04425,26.9956
32,8718,888,13.08,4.00676,27.0113
32,8719,875,13.256,4.064,27.0011
32,8720,880,13.2034,4.02273,26.9409
32,8721,880,13.1648,4.02386,26.9773
32,8722,875,12.9977,3.96686,26.9326
32,8723,873,13.2417,4.06873,26.9668
32,8724,859,13.2817,4.09662,27.0221
32,8725,863,13.2526,4.13094,27.0869
32,8726,855,13.2819,4.11696,27.1415
32,8727,849,13.4075,4.12721,27.0648
32,8728,855,13.3918,4.10877,27.0901
32,8729,863,13.2572,4.06141,27.0429
32,8730,871,13.2687,4.08611,27.1045
32,8731,866,13.0831,4.02656,27.1247
32,8732,868,13.0461,3.99539,27.129
32,8733,881,13.1419,4.01362,27.1237
32,8734,873,13.2761,4.04582,27.1501
32,8735,870,13.0805,3.97356,27.1287
32,8736,867,12.9642,3.93887,27.0588
32,8737,864,13.0845,3.98727,27.1204
32,8738,870,13.3931,4.1092,27.0874
32,8739,879,13.7031,4.21047,27.083
32,8740,888,13.9189,4.3232,27.1486
32,8741,871,13.7738,4.28243,27.1757
32,8742,876,13.4623,4.19292,27.1872
32,8743,879,13.5142,4.1843,27.1809
32,8744,879,13.5449,4.21388,27.1672
32,8745,873,13.6105,4.25659,27.2509
32,8746,869,13.5857,4.21979,27.2704
32,8747,868,13.6048,4.20622,27.3479
32,8748,867,13.5709,4.17762,27.301
32,8749,854,13.5948,4.137,27.2998
32,8750,841,13.5268,4.10226,27.2771
32,8751,847,13.3506,4.12043,27.2916
32,8752,854,13.4766,4.17681,27.2623
32,8753,863,13.3963,4.14832,27.2885
32,8754,854,13.6499,4.25059,27.2646
32,8755,874,13.349,4.16133,27.3158
32,8756,877,13.3945,4.2041,27.3843
32,8757,871,13.3238,4.16992,27.3708
32,8758,868,13.1417,4.14401,27.4101
32,8759,880,12.8375,4.01477,27.4182
32,8760,866,13.0716,4.06236,27.4388
32,8761,858,12.9848,3.99184,27.4499
32,8762,863,12.9757,3.99189,27.4067
32,8763,859,13.0815,4.05006,27.4249
32,8764,852,13.1819,4.08685,27.439
32,8765,857,13.3034,4.13302,27.4469
32,8766,846,13.344,4.08865,27.3972
32,8767,846,13.461,4.14184,27.4326
32,8768,837,13.4552,4.14456,27.4456
32,8769,834,13.3681,4.15468,27.4484
32,8770,831,13.2575,4.09386,27.3839
32,8771,840,13.3679,4.14524,27.4595
32,8772,845,13.2367,4.08521,27.4107
32,8773,847,13.2409,4.10272,27.4545
32,8774,859,13.1886,4.0908,27.4761
32,8775,857,12.9067,3.96733,27.4702
32,8776,850,12.9588,3.97765,27.3976
32,8777,867,12.9423,4.01615,27.3449
32,8778,868,12.7258,3.96313,27.3664
32,8779,858,12.7681,3.95455,27.3147
32,8780,854,12.7119,3.91218,27.2506
32,8781,864,12.6817,3.95833,27.3449
32,8782,863,12.5041,3.94322,27.4531
32,8783,863,12.3569,3.88181,27.4809
32,8784,866,12.6051,3.92148,27.4642
32,8785,857,12.7363,3.95099,27.4212
32,8786,842,12.8064,3.95249,27.4228
32,8787,854,12.774,3.93911,27.3888
32,8788,856,12.8376,3.93458,27.3248
32,8789,849,12.8587,3.89046,27.3239
32,8790,849,12.9753,3.91166,27.3004
32,8791,830,13.0602,3.90723,27.2675
32,8792,820,13.2695,3.94756,27.2293
32,8793,823,13.3451,3.97934,27.1908
32,8794,806,13.3424,3.99132,27.1092
32,8795,801,13.4994,4.04245,27.1261
32,8796,801,13.6205,4.09363,27.0762
32,8797,803,13.7049,4.12702,27.1308
32,8798,816,13.6789,4.10172,27.1225
32,8799,815,13.5804,4.06503,27.1313
32,8800,813,13.6322,4.1353,27.048
32,8801,814,13.7776,4.17322,27.0197
32,8802,806,14.0037,4.28164,27.0149
32,8803,800,13.74,4.19625,27.0225
32,8804,810,13.4593,4.11481,27.1136
32,8805,804,13.5597,4.10199,27.092
32,8806,795,13.6088,4.10818,26.9308
32,8807,801,13.7303,4.14232,26.9213
32,8808,793,13.6608,4.10719,26.8625
32,8809,800,13.3912,4.01375,26.9375
32,8810,799,13.3917,3.96871,26.9387
32,8811,799,13.2065,3.92365,26.8836
32,8812,791,13.2402,3.88875,26.9558
32,8813,802,13.293,3.94638,26.9352
32,8814,802,13.4788,4.03117,26.8853
32,8815,803,13.4483,4.04234,26.9166
32,8816,802,13.4638,4.03616,26.813
32,8817,800,13.5938,4.06875,26.805
32,8818,812,13.2488,3.94335,26.7512
32,8819,814,12.8894,3.86241,26.8256
32,8820,796,12.799,3.80905,26.8241
32,8821,798,12.9825,3.85965,26.787
32,8822,796,12.7098,3.77764,26.8317
32,8823,790,12.8316,3.76962,26.843
32,8824,805,13.0335,3.8472,26.9217
32,8825,814,13.0049,3.86978,26.9312
32,8826,814,12.8047,3.77396,26.8526
32,8827,818,13.0513,3.92176,26.9022
32,8828,813,13.2066,3.97048,26.9619
32,8829,827,13.214,3.99516,26.9553
32,8830,818,13.3386,4.0489,26.9462
32,8831,823,13.1349,3.99392,26.9818
32,8832,837,13.0287,4.01553,27.0179
32,8833,827,13.0133,4.00363,27.0157
32,8834,829,13.0531,4.00965,26.9988
32,8835,826,12.7131,3.85956,27.0363
32,8836,836,12.8445,3.88158,26.9833
32,8837,837,12.8996,3.8638,26.9438
32,8838,846,12.8191,3.8357,26.8936
32,8839,827,12.8682,3.83555,26.9214
32,8840,840,12.8345,3.86548,26.9571
32,8841,837,13.0048,3.95221,26.9152
32,8842,830,13.1325,4.00843,26.8843
32,8843,829,13.3088,4.05549,26.8154
32,8844,844,13.2488,4.05332,26.8555
32,8845,843,13.2705,4.07711,26.8209
32,8846,838,13.3687,4.10859,26.8926
32,8847,829,13.5573,4.16285,26.9264
32,8848,830,13.5373,4.15181,26.9904
32,8849,828,13.5845,4.14734,26.9952
32,8850,826,13.7252,4.19492,26.9806
32,8851,814,13.8415,4.22236,26.9853
32,8852,824,13.8714,4.20874,26.9757
32,8853,826,13.8475,4.21065,26.9443
32,8854,840,13.656,4.19405,26.9976
32,8855,849,13.51,4.14959,26.9918
32,8856,840,13.4631,4.14405,26.9714
32,8857,843,13.6524,4.1981,26.9063
32,8858,828,13.6763,4.22101,26.9541
32,8859,823,13.6027,4.19441,26.9721
32,8860,834,13.6331,4.22422,26.9664
32,8861,839,13.534,4.19309,27.0274
32,8862,836,13.555,4.18301,26.9211
32,8863,840,13.3167,4.07976,26.85
32,8864,842,13.2019,4.04276,26.8432
32,8865,846,13.4102,4.12766,26.8771
32,8866,841,13.5624,4.18193,26.9108
32,8867,850,13.5047,4.19765,26.92
32,8868,840,13.3036,4.08333,26.9238
32,8869,857,13.3092,4.10385,26.8798
32,8870,857,13.4364,4.14236,26.8961
32,8871,858,13.5641,4.162,26.8811
32,8872,854,13.5141,4.13817,26.9063
32,8873,851,13.4501,4.09871,26.9542
32,8874,836,13.6053,4.1567,26.945
32,8875,837,13.5687,4.15771,26.9104
32,8876,840,13.4857,4.11786,26.8643
32,8877,842,13.4216,4.15439,26.8812
32,8878,838,13.2029,4.04893,26.8711
32,8879,835,13.3018,4.05629,26.8311
32,8880,830,13.3024,4.04217,26.8771
32,8881,833,13.431,4.12125,26.8691
32,8882,847,13.2798,4.0673,26.9256
32,8883,840,13.5488,4.18095,26.9762
32,8884,847,13.6068,4.18772,26.9917
32,8885,847,13.5832,4.18418,26.9421
32,8886,848,13.52,4.16392,26.9458
32,8887,847,13.3164,4.0673,26.9469
32,8888,833,12.9952,3.91357,26.958
32,8889,836,12.7141,3.79785,26.9665
32,8890,822,12.8747,3.85158,26.9781
32,8891,806,13.2543,3.96526,26.9305
32,8892,817,13.3819,4.00245,26.9376
32,8893,808,13.6621,4.12871,26.9703
32,8894,808,13.6287,4.13985,26.9728
32,8895,805,13.7118,4.16149,26.9516
32,8896,811,13.9236,4.23921,27.0111
32,8897,810,13.8296,4.21852,27.0296
32,8898,808,13.7005,4.17079,27.0272
32,8899,816,13.625,4.15441,27.0074
32,8900,813,13.572,4.16605,27.0627
32,8901,817,13.5422,4.15422,27.1261
32,8902,820,13.5793,4.17439,27.1122
32,8903,807,13.6035,4.2057,27.1103
32,8904,819,13.5299,4.20147,27.1673
32,8905,814,13.5921,4.24079,27.1376
32,8906,807,13.2553,4.05948,27.0855
32,8907,809,13.2002,4.0445,27.115
32,8908,812,13.2192,4.05665,27.0961
32,8909,805,13.5814,4.16522,27.128
32,8910,811,13.5943,4.17879,27.1319
32,8911,809,13.733,4.16934,27.1224
32,8912,807,13.6555,4.12887,27.0954
32,8913,807,13.6183,4.13879,27.1078
32,8914,809,13.508,4.10507,27.0482
32,8915,825,13.4752,4.11394,27.1321
32,8916,837,13.4624,4.10753,27.1589
32,8917,832,13.4495,4.07091,27.125
32,8918,830,13.559,4.1253,27.1831
32,8919,837,13.5042,4.11111,27.1995
32,8920,826,13.1973,3.97579,27.2688
32,8921,831,13.1179,3.95307,27.2563
32,8922,828,13.2826,4.00725,27.2029
32,8923,826,13.385,4.06053,27.1138
32,8924,826,13.4346,4.0569,27.1768
32,8925,831,13.4224,4.071,27.1817
32,8926,854,13.3232,4.05269,27.1686
32,8927,850,13.3318,4.04,27.0871
32,8928,862,13.4292,4.06961,27.0093
32,8929,866,13.4665,4.097,27.0023
32,8930,858,13.549,4.08275,27.0023
32,8931,856,13.3037,3.98598,26.9439
32,8932,848,13.3243,3.99057,26.9788
32,8933,836,13.073,3.83971,26.9139
32,8934,827,13.0266,3.8416,26.8996
32,8935,833,13.1993,3.93157,26.9172
32,8936,826,13.3608,3.95278,26.9467
32,8937,834,13.241,3.90528,26.9329
32,8938,832,13.3425,3.94712,26.988
32,8939,836,13.2608,3.93421,26.9737
32,8940,840,13.344,3.96548,26.9381
32,8941,840,13.4821,4,26.9262
32,8942,857,13.3419,3.97316,26.9078
32,8943,865,13.422,4.04162,26.9133
32,8944,863,13.1866,3.99305,26.8714
32,8945,846,13.37,4.01064,26.8109
32,8946,863,13.3754,4.01738,26.8413
32,8947,876,13.4361,4.04452,26.8196
32,8948,870,13.4276,4.01264,26.8138
32,8949,864,13.2812,3.92708,26.8495
32,8950,867,13.2918,3.97001,26.9089
32,8951,871,13.2526,3.9403,26.9736
32,8952,883,13.1302,3.88562,26.9105
32,8953,891,13.3962,3.99776,26.9764
32,8954,880,13.3057,3.97614,26.9318
32,8955,873,13.4525,4.01489,26.8843
32,8956,864,13.4062,3.99306,26.8935
32,8957,857,13.5041,4.05134,26.8518
32,8958,853,13.6389,4.08558,26.7948
32,8959,848,13.638,4.10849,26.8231
32,8960,848,13.5495,4.08373,26.7759
32,8961,847,13.5632,4.11688,26.7981
32,8962,849,13.5053,4.04122,26.7585
32,8963,855,13.6164,4.07953,26.7298
32,8964,854,13.3946,4,26.7447
32,8965,850,13.3824,4.01412,26.7576
32,8966,860,13.057,3.88721,26.7279
32,8967,860,13.0349,3.8907,26.7674
32,8968,866,13.0058,3.90416,26.7806
32,8969,859,13.3201,3.99185,26.773
32,8970,874,13.2746,3.9611,26.8032
32,8971,864,13.2211,3.93866,26.7454
32,8972,856,13.1974,3.96262,26.7056
32,8973,844,13.41,4.00355,26.7299
32,8974,837,13.3393,3.94026,26.7073
32,8975,838,13.5095,3.97375,26.6993
32,8976,844,13.3685,3.95142,26.7773
32,8977,856,13.3516,3.93808,26.8598
32,8978,865,13.1364,3.83699,26.941
32,8979,860,13.1395,3.85814,26.9116
32,8980,858,12.8287,3.72028,26.8625
32,8981,855,13.0854,3.85029,26.917
32,8982,867,13.158,3.94233,26.9319
32,8983,853,13.4631,4.02345,26.8441
32,8984,855,13.4643,4.03977,26.8632
32,8985,864,13.5359,4.07407,26.8935
32,8986,862,13.6601,4.15081,26.9026
32,8987,853,13.5463,4.14537,26.8957
32,8988,837,13.4516,4.12545,26.8984
32,8989,839,13.5352,4.11204,26.9321
32,8990,844,13.6967,4.17891,26.8934
32,8991,840,13.9107,4.25714,26.8357
32,8992,843,13.8446,4.23606,26.8422
32,8993,860,13.9581,4.29535,26.8419
32,8994,859,13.7974,4.25611,26.8708
32,8995,857,13.6009,4.19837,26.8775
32,8996,837,13.6607,4.20908,26.9104
32,8997,836,13.3911,4.16268,26.9378
32,8998,841,13.0488,4.03329,27.0202
32,8999,848,12.9092,3.99057,27.0613
32,9000,835,13.0599,4.06108,27.0299
32,9001,821,13.324,4.13033,27.0426
32,9002,821,13.3289,4.10962,27.0329
32,9003,820,13.3476,4.16341,27.022
32,9004,809,13.3066,4.16934,26.9963
32,9005,803,13.6949,4.28518,27.0311
32,9006,806,13.6129,4.29032,27.0794
32,9007,803,13.5828,4.26401,27.1009
32,9008,807,13.5613,4.24659,27.1152
32,9009,804,13.3557,4.16045,27.209
32,9010,811,13.3958,4.18126,27.1665
32,9011,812,13.2783,4.1133,27.1675
32,9012,828,13.1679,4.05193,27.1691
32,9013,835,13.2419,4.08623,27.1976
32,9014,839,13.1859,4.07032,27.2062
32,9015,834,12.9161,4.01439,27.223
32,9016,834,12.9065,4.01199,27.2062
32,9017,826,12.7978,3.98547,27.2131
32,9018,825,13.1164,4.10303,27.3018
32,9019,834,13.2266,4.1283,27.2638
32,9020,818,13.3191,4.20905,27.3081
32,9021,821,13.3069,4.21681,27.3033
32,9022,821,13.2862,4.20097,27.2911
32,9023,843,13.1091,4.19929,27.3049
32,9024,832,12.9796,4.10697,27.3293
32,9025,831,13.1649,4.16727,27.3261
32,9026,839,13.0727,4.12992,27.416
32,9027,844,13.019,4.07109,27.4123
32,9028,857,13.0338,4.08868,27.4376
32,9029,856,12.9673,4.08178,27.4463
32,9030,860,12.9384,4.1093,27.4116
32,9031,857,13.0887,4.14002,27.4586
32,9032,851,13.0834,4.10341,27.4266
32,9033,846,12.9574,4.01537,27.4586
32,9034,847,13.0059,4.04368,27.4522
32,9035,845,13.0083,4.09822,27.4343
32,9036,829,12.9566,4.05308,27.4017
32,9037,841,12.9275,4,27.3674
32,9038,835,12.8084,3.95689,27.3653
32,9039,827,12.769,3.96735,27.4172
32,9040,823,13.0146,4.07412,27.3949
32,9041,813,13.2116,4.1599,27.3998
32,9042,812,13.186,4.15394,27.4163
32,9043,795,13.2579,4.14843,27.4365
32,9044,786,13.4262,4.21883,27.4249
32,9045,792,13.3207,4.19066,27.3864
32,9046,783,13.7548,4.32184,27.3895
32,9047,786,13.8041,4.34987,27.3969
32,9048,783,13.5696,4.21839,27.341
32,9049,784,13.4707,4.1977,27.3087
32,9050,785,13.6166,4.26752,27.2815
32,9051,803,13.3275,4.16563,27.2877
32,9052,803,13.3487,4.19054,27.2428
32,9053,823,13.0292,4.11543,27.2904
32,9054,839,12.7557,4.02026,27.2825
32,9055,837,12.5842,3.96655,27.3692
32,9056,821,12.849,4.07917,27.3788
32,9057,821,12.8892,4.05481,27.3374
32,9058,813,12.968,4.07995,27.3087
32,9059,809,13.1446,4.16193,27.288
32,9060,809,13.1051,4.11867,27.2138
32,9061,831,12.9134,4.06137,27.1649
32,9062,816,13.0515,4.09191,27.1887
32,9063,816,13.2733,4.16544,27.1961
32,9064,816,13.0037,4.03799,27.2059
32,9065,820,13.1232,4.06585,27.1805
32,9066,834,13.1079,4.08633,27.2398
32,9067,834,13.0779,4.08633,27.2446
32,9068,840,12.9976,4.09762,27.231
32,9069,840,13.0107,4.1119,27.2714
32,9070,830,13.2036,4.17831,27.188
32,9071,826,13.2058,4.17676,27.1719
32,9072,835,13.085,4.13772,27.1928
32,9073,816,13.1066,4.09314,27.1446
32,9074,820,13.4085,4.22561,27.1024
32,9075,818,13.3509,4.17604,27.044
32,9076,811,13.3046,4.1307,27.0506
32,9077,822,13.1946,4.10584,27.0414
32,9078,825,13.257,4.11879,27.0109
32,9079,835,13.1557,4.06946,27.0228
32,9080,845,12.9491,3.99763,26.9799
32,9081,849,13.1048,4.08009,26.9517
32,9082,836,13.1842,4.12799,26.9617
32,9083,826,13.4964,4.25666,26.9346
32,9084,822,13.3832,4.15815,26.9319
32,9085,816,13.3186,4.12132,26.8676
32,9086,830,13.3976,4.15301,26.8313
32,9087,839,13.5328,4.20858,26.758
32,9088,836,13.2667,4.12679,26.7321
32,9089,832,13.4712,4.19832,26.7572
32,9090,825,13.543,4.21697,26.8291
32,9091,829,13.3643,4.16526,26.8323
32,9092,820,13.4341,4.16098,26.8244
32,9093,816,13.549,4.17647,26.8064
32,9094,824,13.4442,4.15049,26.7961
32,9095,826,13.7131,4.25666,26.8596
32,9096,830,13.6735,4.2747,26.8843
32,9097,819,13.779,4.26252,26.8816
32,9098,809,13.5723,4.18047,26.9246
32,9099,807,13.5601,4.1487,26.8848
32,9100,796,13.4133,4.0804,26.8945
32,9101,814,13.4533,4.11425,26.9091
32,9102,825,13.5418,4.14909,26.9042
32,9103,824,13.6274,4.20995,26.932
32,9104,831,13.7004,4.24308,26.9362
32,9105,838,13.6396,4.25418,26.9618
32,9106,825,13.3915,4.14424,26.9939
32,9107,822,13.5389,4.22141,26.9221
32,9108,819,13.8486,4.2906,26.8669
32,9109,827,13.5647,4.16808,26.8851
32,9110,836,13.6292,4.19139,26.866
32,9111,848,13.6262,4.16156,26.7476
32,9112,846,13.8534,4.23522,26.7258
32,9113,845,14.0793,4.35976,26.755
32,9114,848,14.092,4.35259,26.7642
32,9115,850,13.9035,4.24353,26.7624
32,9116,856,13.5584,4.13902,26.7383
32,9117,856,13.368,3.98481,26.7173
32,9118,863,13.3523,4.02202,26.6744
32,9119,856,13.6086,4.10748,26.6121
32,9120,869,13.4246,4.0748,26.6858
32,9121,859,13.3492,4.02678,26.6938
32,9122,869,12.8539,3.89528,26.7756
32,9123,869,12.9747,3.92865,26.8101
32,9124,872,12.9897,3.92431,26.844
32,9125,870,13.0713,3.95517,26.8299
32,9126,866,12.933,3.92032,26.836
32,9127,870,12.9184,3.92184,26.8759
32,9128,866,13.1178,3.96998,26.8591
32,9129,859,13.1257,3.96158,26.8498
32,9130,855,13.1509,3.95673,26.8655
32,9131,843,13.1447,3.97628,26.8778
32,9132,850,13.1824,3.96,26.8306
32,9133,828,13.1135,3.91908,26.8768
32,9134,809,13.3053,3.97033,26.8183
32,9135,804,13.3818,4.01866,26.801
32,9136,802,13.5212,4.06359,26.7955
32,9137,797,13.8018,4.16562,26.8457
32,9138,791,14.0367,4.24147,26.8622
32,9139,794,14.039,4.23804,26.8589
32,9140,796,13.7726,4.16583,26.8342
32,9141,809,13.4252,4.06304,26.8653
32,9142,802,13.3429,4.01746,26.8155
32,9143,801,13.3383,4.00499,26.809
32,9144,792,13.2904,3.96591,26.7652
32,9145,790,13.2557,3.98354,26.7975
32,9146,789,13.2497,3.95817,26.7605
32,9147,777,12.9009,3.83398,26.7876
32,9148,774,13.0207,3.86693,26.7597
32,9149,773,13.3092,3.96248,26.7167
32,9150,781,13.3316,4.00384,26.7682
32,9151,788,13.2855,3.97208,26.7995
32,9152,788,13.4327,3.95685,26.7462
32,9153,795,13.6289,4.04403,26.7145
32,9154,788,13.8414,4.12056,26.7665
32,9155,792,13.5013,4.00126,26.7702
32,9156,791,13.5626,4.02781,26.7712
32,9157,793,13.4994,4.04035,26.8172
32,9158,788,13.6307,4.06345,26.764
32,9159,794,13.495,4.00756,26.7557
32,9160,792,13.625,4.07323,26.7222
32,9161,797,13.7453,4.1468,26.7127
32,9162,792,13.7601,4.13131,26.6667
32,9163,794,13.7078,4.11461,26.7204
32,9164,805,13.5404,4.0323,26.7006
32,9165,804,13.4677,3.97388,26.7214
32,9166,819,13.3895,3.98901,26.735
32,9167,830,13.3566,3.96627,26.7036
32,9168,820,13.4232,3.94024,26.6659
32,9169,824,13.3774,3.92961,26.6796
32,9170,830,13.2711,3.93976,26.7422
32,9171,827,13.3942,4.01209,26.7811
32,9172,821,13.2911,4,26.8136
32,9173,830,13.1434,3.98554,26.8337
32,9174,811,13.4488,4.10111,26.8064
32,9175,800,13.2025,4.0125,26.83
32,9176,808,13.3342,4.07426,26.849
32,9177,813,13.3419,4.09102,26.893
32,9178,815,13.2049,4.05521,26.908
32,9179,822,13.1107,4.05474,26.9465
32,9180,824,13.3167,4.10316,26.9029
32,9181,812,13.4101,4.0936,26.8941
32,9182,830,13.4795,4.13855,26.906
32,9183,837,13.3309,4.0908,26.9056
32,9184,824,13.466,4.11044,26.8495
32,9185,811,13.5956,4.14797,26.8977
32,9186,815,13.4687,4.06994,26.8982
32,9187,807,13.5341,4.114,26.8724
32,9188,813,13.6027,4.14268,26.8512
32,9189,812,13.6576,4.19089,26.8128
32,9190,801,13.6629,4.201,26.784
32,9191,816,13.5355,4.16912,26.7843
32,9192,820,13.6805,4.21098,26.7488
32,9193,806,13.7717,4.26551,26.8065
32,9194,811,13.7731,4.22072,26.767
32,9195,804,13.7687,4.21393,26.7935
32,9196,808,13.8812,4.27723,26.8267
32,9197,803,14.0523,4.32254,26.797
32,9198,811,14.127,4.38471,26.8212
32,9199,804,14.3122,4.42537,26.8408
32,9200,804,14.0037,4.27239,26.8035
32,9201,803,13.7547,4.19925,26.7646
32,9202,829,13.5609,4.13993,26.7551
32,9203,830,13.3735,4.06024,26.7518
32,9204,819,13.3187,4.00977,26.7717
32,9205,815,13.2147,3.99387,26.7877
32,9206,832,13.1202,3.97716,26.8462
32,9207,833,12.9568,3.92797,26.8115
32,9208,837,12.9594,3.95818,26.8507
32,9209,847,12.9244,3.94805,26.8052
32,9210,851,13.1081,4.0141,26.8837
32,9211,846,13.2506,4.03901,26.9007
32,9212,848,13.4139,4.0908,26.875
32,9213,836,13.4557,4.09689,26.8301
32,9214,837,13.4504,4.08483,26.8315
32,9215,835,13.3341,3.97126,26.7928
32,9216,831,13.3189,3.97112,26.8472
32,9217,826,13.5424,4.00363,26.9104
32,9218,818,13.632,4.0379,26.9242
32,9219,816,13.5172,4.00123,26.9926
32,9220,817,13.4835,3.9743,26.8543
32,9221,812,13.7438,4.09852,26.8916
32,9222,822,13.6119,4.08881,26.8905
32,9223,823,13.7084,4.14702,26.9113
32,9224,834,13.6367,4.14388,26.8849
32,9225,828,13.7174,4.1558,26.8986
32,9226,837,13.7324,4.16249,26.9104
32,9227,835,13.6599,4.11377,26.903
32,9228,845,13.6544,4.12899,26.9444
32,9229,843,13.4377,4.04982,27.0036
32,9230,844,13.7524,4.16469,27.0498
32,9231,845,13.7266,4.1716,27.0556
32,9232,835,13.5689,4.11257,27.0539
32,9233,827,13.5212,4.10762,27.0133
32,9234,838,13.3604,4.05251,26.969
32,9235,843,13.1957,3.98695,27.0107
32,9236,852,13.1772,3.99883,26.9718
32,9237,849,13.4688,4.07303,27.0294
32,9238,849,13.4794,4.08716,27.0294
32,9239,843,13.5208,4.08541,27.0463
32,9240,832,13.6202,4.13101,27
32,9241,832,13.5024,4.09976,26.9928
32,9242,828,13.5217,4.1413,27.0024
32,9243,822,13.4148,4.05231,27.0024
32,9244,827,13.4655,4.06651,27.0133
32,9245,826,13.5121,4.09443,27.0218
32,9246,821,13.6382,4.13764,26.9306
32,9247,820,13.828,4.21951,26.9488
32,9248,823,13.9696,4.26853,26.9648
32,9249,822,14.0292,4.30049,26.9538
32,9250,824,14.04,4.31311,26.9854
32,9251,819,13.9023,4.25397,26.862
32,9252,818,13.8007,4.23594,26.8778
32,9253,823,13.6719,4.23086,26.9332
32,9254,837,13.9092,4.32378,26.9319
32,9255,841,13.824,4.2604,26.8989
32,9256,832,13.9075,4.26442,26.8894
32,9257,848,13.7818,4.22524,26.8538
32,9258,835,13.6934,4.19042,26.8862
32,9259,824,13.591,4.11772,26.8398
32,9260,824,13.4854,4.07282,26.8665
32,9261,823,13.3439,4.02916,26.8991
32,9262,832,13.1791,3.95793,26.9255
32,9263,835,13.1521,3.97485,26.812
32,9264,838,13.0143,3.94988,26.8258
32,9265,845,13.2213,3.99408,26.8639
32,9266,848,13.0979,3.95165,26.8986
32,9267,854,13.3267,4.08314,26.8501
32,9268,851,13.2056,3.99647,26.7826
32,9269,843,13.153,3.98221,26.7995
32,9270,844,13.3839,4.0391,26.8152
32,9271,854,13.3407,4.01171,26.8337
32,9272,845,13.4521,4.0426,26.826
32,9273,836,13.4306,4.00957,26.811
32,9274,836,13.3301,3.97129,26.7871
32,9275,836,13.3852,3.98086,26.7919
32,9276,818,13.4205,3.978,26.7922
32,9277,821,13.3191,3.93544,26.782
32,9278,830,13.1952,3.90361,26.7735
32,9279,834,13.3082,3.91127,26.7698
32,9280,844,13.3483,3.94668,26.782
32,9281,849,13.0707,3.86219,26.7656
32,9282,863,13.2793,3.93743,26.7115
32,9283,859,13.3434,3.9674,26.6217
32,9284,863,13.4137,4.00695,26.6188
32,9285,870,13.308,3.95402,26.5701
32,9286,859,13.0722,3.81141,26.6263
32,9287,870,12.869,3.78276,26.6115
32,9288,876,13.2203,3.9121,26.6621
32,9289,873,13.457,4.00573,26.6919
32,9290,875,13.4411,3.96686,26.6811
32,9291,871,13.5603,3.99656,26.6958
32,9292,863,13.4334,3.97451,26.73
32,9293,875,13.5829,4.016,26.688
32,9294,863,13.518,4.00348,26.7184
32,9295,863,13.4032,3.94322,26.7184
32,9296,857,13.2019,3.88215,26.7538
32,9297,850,13.0659,3.84235,26.7929
32,9298,849,13.2073,3.90224,26.8245
32,9299,833,13.0612,3.82593,26.8091
32,9300,825,12.9806,3.76848,26.8267
32,9301,819,13.0733,3.80708,26.8767
32,9302,822,13.1545,3.809,26.8297
32,9303,829,13.1846,3.8275,26.8782
32,9304,830,13.1964,3.8012,26.8602
32,9305,827,13.2854,3.8283,26.8489
32,9306,836,13.384,3.94258,26.8469
32,9307,841,13.3722,3.95125,26.8442
32,9308,832,13.4111,3.97356,26.8678
32,9309,848,13.3703,3.97759,26.9175
32,9310,848,13.2441,3.94104,26.9458
32,9311,848,13.1733,3.92689,26.9646
32,9312,846,13.2222,3.9669,26.948
32,9313,844,13.2145,3.98578,26.9408
32,9314,846,13.2045,4.00946,26.9362
32,9315,848,13.3172,4.03892,26.8962
32,9316,863,13.3024,4.02086,26.8992
32,9317,860,13.357,4.05116,26.9233
32,9318,861,13.3775,4.08362,26.9942
32,9319,861,13.403,4.07317,27.036
32,9320,858,13.5152,4.12471,27.0723
32,9321,853,13.4642,4.11137,27.0504
32,9322,859,13.1502,3.97439,27.0524
32,9323,866,13.0254,3.89261,26.9815
32,9324,875,12.8834,3.83543,26.9714
32,9325,865,13.0578,3.89595,26.9387
32,9326,865,13.1873,3.95838,26.9896
32,9327,869,13.2129,3.97699,27.0633
32,9328,873,12.9691,3.88889,27.0561
32,9329,878,12.7563,3.79271,27.041
32,9330,875,12.8846,3.816,27.0286
32,9331,874,12.9348,3.82494,27.0389
32,9332,873,12.9129,3.83734,27.0813
32,9333,872,12.9117,3.84862,27.0275
32,9334,866,13.0751,3.92841,27.0855
32,9335,865,13.2994,4.02312,27.0936
32,9336,882,13.119,4,27.102
32,9337,893,13.0325,3.98432,27.0594
32,9338,893,13.0426,3.99552,27.075
32,9339,897,12.9822,3.93645,26.9989
32,9340,907,12.8666,3.85447,26.9945
32,9341,909,13.0561,3.93509,26.9725
32,9342,897,12.874,3.87737,26.981
32,9343,897,12.8685,3.87514,26.9833
32,9344,896,12.9174,3.92746,26.8884
32,9345,894,12.9284,3.91387,26.8725
32,9346,880,13.0636,3.90341,26.8455
32,9347,891,13.2245,3.96633,26.8171
32,9348,886,13.3104,4.01693,26.8488
32,9349,884,13.0769,3.89819,26.8914
32,9350,883,13.0555,3.83579,26.9332
32,9351,878,13.0103,3.85194,27.0159
32,9352,870,13.0299,3.88966,27.0897
32,9353,862,13.2135,3.98956,27.1462
32,9354,867,12.9596,3.91003,27.1119
32,9355,845,13.0059,3.89231,27.0509
32,9356,838,13.1874,3.91289,27.0525
32,9357,840,13.3345,4.01429,27.0929
32,9358,832,13.4231,4.02644,27.0962
32,9359,820,13.4366,4.06829,27.1293
32,9360,819,13.5214,4.07937,27.1013
32,9361,811,13.3243,3.98274,27.0506
32,9362,812,13.4532,4.00246,27.0222
32,9363,822,13.4513,4.02068,26.9343
32,9364,827,13.4305,4.02781,26.9166
32,9365,825,13.4352,4.02424,26.9358
32,9366,832,13.1346,3.92308,27.0697
32,9367,831,13.3297,3.99639,27.0229
32,9368,832,13.2849,4.02163,27.0625
32,9369,848,13.2182,3.99175,27.0637
32,9370,853,13.2122,3.98945,27.0762
32,9371,850,12.9529,3.84706,27.0424
32,9372,854,13.0562,3.90164,27.082
32,9373,840,12.8369,3.80119,27.1048
32,9374,842,13.0689,3.89074,27.0903
32,9375,839,13.4064,4.00954,27.0822
32,9376,831,13.3357,3.98195,27.0397
32,9377,836,13.3373,3.95574,27.0287
32,9378,836,13.5072,4.03349,26.9522
32,9379,845,13.4083,4.00473,26.9183
32,9380,851,13.4783,4.04818,26.8884
32,9381,844,13.2962,3.95498,26.8389
32,9382,837,13.2354,3.92951,26.7742
32,9383,852,13.1561,3.86737,26.7606
32,9384,847,13.1181,3.83117,26.7816
32,9385,853,13.0328,3.78429,26.7972
32,9386,853,13.0363,3.80305,26.837
32,9387,842,13.3563,3.92043,26.8219
32,9388,848,13.2193,3.87972,26.8325
32,9389,855,13.1906,3.84094,26.807
32,9390,855,13.1754,3.84795,26.8023
32,9391,853,13.2145,3.85463,26.8464
32,9392,853,13.2943,3.89801,26.8722
32,9393,843,13.102,3.82325,26.7924
32,9394,847,13.2586,3.90201,26.791
32,9395,836,13.4378,3.97129,26.7416
32,9396,836,13.1902,3.89234,26.8325
32,9397,826,13.3511,3.94915,26.8523
32,9398,826,13.3559,3.94915,26.8717
32,9399,830,13.4325,3.95904,26.9036
32,9400,830,13.4157,3.98795,26.8771
32,9401,829,13.456,3.98191,26.8565
32,9402,842,13.4252,3.97981,26.924
32,9403,829,13.1809,3.924,26.9988
32,9404,815,13.335,3.97055,27.0233
32,9405,821,13.7722,4.1486,26.9939
32,9406,820,13.6049,4.12073,26.9756
32,9407,827,13.4135,4.07013,26.9214
32,9408,825,13.5794,4.12364,26.9309
32,9409,820,13.6744,4.15244,26.8732
32,9410,830,13.6639,4.16627,26.9036
32,9411,839,13.6234,4.17163,26.944
32,9412,837,13.7228,4.20789,26.9008
32,9413,835,13.5186,4.16168,26.9605
32,9414,821,13.6005,4.21437,27.0061
32,9415,821,13.8709,4.30329,27.0256
32,9416,819,14.0611,4.35653,26.9841
32,9417,813,14.0517,4.32595,26.92
32,9418,806,13.8747,4.25186,27.0099
32,9419,815,13.7202,4.22331,26.9963
32,9420,806,13.794,4.21712,27.067
32,9421,813,13.6199,4.17097,27.0824
32,9422,822,13.4392,4.14477,27.0462
32,9423,819,13.1929,4.08303,27.1429
32,9424,822,13.3394,4.14477,27.146
32,9425,835,13.6371,4.23952,27.1042
32,9426,824,13.6553,4.21602,27.0971
32,9427,826,13.5291,4.18281,27.1598
32,9428,832,13.47,4.22115,27.1827
32,9429,830,13.6518,4.27831,27.1711
32,9430,835,13.4419,4.20599,27.1425
32,9431,845,13.2959,4.15621,27.1669
32,9432,850,13.4259,4.18,27.2141
32,9433,841,13.4923,4.19144,27.2057
32,9434,843,13.5492,4.24199,27.2574
32,9435,834,13.5168,4.2482,27.2614
32,9436,834,13.5288,4.24221,27.2254
32,9437,834,13.3381,4.18945,27.1583
32,9438,837,13.135,4.13381,27.1924
32,9439,815,13.254,4.17669,27.2147
32,9440,823,13.079,4.08748,27.1592
32,9441,822,12.9051,4.03406,27.1338
32,9442,820,12.9183,4.04512,27.1512
32,9443,826,13.0291,4.08354,27.2688
32,9444,820,12.7744,4.01829,27.339
32,9445,822,12.7944,4.03163,27.3163
32,9446,841,12.6183,3.96908,27.3032
32,9447,852,12.5258,3.90962,27.2723
32,9448,854,12.6698,3.94379,27.3044
32,9449,857,12.6663,3.95916,27.3419
32,9450,848,12.6899,3.97406,27.375
32,9451,825,12.52,3.87515,27.3915
32,9452,828,12.558,3.88647,27.3502
32,9453,823,12.7691,3.93925,27.3682
32,9454,817,12.8568,3.9694,27.3146
32,9455,815,13.0294,3.99755,27.2442
32,9456,816,13.1434,4.03922,27.277
32,9457,820,13.328,4.12805,27.2854
32,9458,819,13.2662,4.0989,27.2918
32,9459,821,13.19,4.0341,27.3301
32,9460,829,13.2051,4.06634,27.3534
32,9461,828,13.1667,4.0628,27.3889
32,9462,835,13.0371,4.04671,27.4515
32,9463,837,12.9761,3.98208,27.3787
32,9464,830,13.0398,4.01928,27.4
32,9465,825,12.9903,3.9903,27.3939
32,9466,823,13.0717,4.03038,27.3584
32,9467,809,12.9753,3.97528,27.3028
32,9468,814,13.3243,4.12531,27.317
32,9469,808,13.2908,4.12129,27.3267
32,9470,811,13.2811,4.13687,27.2996
32,9471,803,13.2267,4.11083,27.2229
32,9472,795,13.5044,4.18113,27.1472
32,9473,792,13.4116,4.15278,27.1944
32,9474,785,13.4025,4.13758,27.1975
32,9475,781,13.3303,4.1114,27.1882
32,9476,773,13.3376,4.10091,27.1772
32,9477,781,13.2151,4.09603,27.2061
32,9478,786,13.1425,4.07761,27.1985
32,9479,792,13.2399,4.10606,27.1641
32,9480,793,13.1475,4.06179,27.1828
32,9481,796,12.8668,3.94347,27.1935
32,9482,800,13.1562,4.0225,27.1775
32,9483,802,13.1322,4.02244,27.1895
32,9484,806,13.098,4.02481,27.1861
32,9485,805,12.8708,3.95155,27.123
32,9486,812,12.9495,3.97414,27.0985
32,9487,814,12.8624,3.91769,27.1032
32,9488,806,12.6762,3.85112,27.0645
32,9489,808,12.6126,3.79084,27.0099
32,9490,815,12.789,3.83436,26.9939
32,9491,818,12.9633,3.93399,27.0513
32,9492,817,12.7295,3.87393,27.0796
32,9493,814,13.0172,3.91769,27.0934
32,9494,810,13.0815,3.93827,27.1284
32,9495,811,13.1381,3.96178,27.0185
32,9496,801,13.4582,4.01998,26.9513
32,9497,810,13.5333,4.05679,26.9432
32,9498,805,13.2994,4.00621,26.9516
32,9499,810,13.3148,4.05432,26.8914
32,9500,807,13.4461,4.12639,26.8377
32,9501,822,13.2737,4.09611,26.854
32,9502,812,13.5185,4.20936,26.936
32,9503,811,13.3046,4.12084,26.9273
32,9504,820,13.4671,4.1622,26.9317
32,9505,806,13.4839,4.1402,26.8412
32,9506,800,13.455,4.12125,26.8625
32,9507,817,13.4113,4.10649,26.9082
32,9508,815,13.2564,4.04049,26.9129
32,9509,822,13.4088,4.07056,26.9586
32,9510,819,13.3175,4.00855,26.9963
32,9511,812,13.303,4.01478,27.0493
32,9512,818,13.2677,4,27.0098
32,9513,817,13.3782,4.00612,26.9914
32,9514,809,13.4079,4.03708,27.0012
32,9515,795,13.3987,4.02013,27.0063
32,9516,808,13.4777,4.03589,26.995
32,9517,807,13.5923,4.06072,26.8872
32,9518,802,13.8117,4.14838,26.8728
32,9519,799,13.7559,4.10513,26.8085
32,9520,801,13.5818,4.06866,26.789
32,9521,810,13.5198,4.08395,26.7753
32,9522,807,13.5861,4.114,26.7856
32,9523,812,13.4175,4.04187,26.7586
32,9524,804,13.5187,4.10323,26.8085
32,9525,788,13.3769,4.0533,26.8629
32,9526,792,13.3131,4.03535,26.8939
32,9527,786,13.2646,4.04198,26.8728
32,9528,795,13.1635,4.01258,26.8981
32,9529,784,13.0574,3.95153,26.852
32,9530,800,13.1725,4.00875,26.8925
32,9531,804,13.2289,4.02239,26.893
32,9532,812,13.2672,4.03571,26.8621
32,9533,823,13.1932,4.00729,26.7995
32,9534,822,13.1144,3.97324,26.7518
32,9535,817,13.1652,4.00857,26.7613
32,9536,814,13.2592,3.99509,26.7027
32,9537,836,13.2213,3.99402,26.7368
32,9538,821,13.4872,4.09013,26.7308
32,9539,818,13.5905,4.11736,26.709
32,9540,809,13.6811,4.16687,26.7194
32,9541,811,13.5129,4.09125,26.7201
32,9542,812,13.7389,4.19458,26.7241
32,9543,811,13.7238,4.16646,26.7497
32,9544,821,13.8429,4.24726,26.7479
32,9545,809,13.7849,4.23733,26.712
32,9546,813,13.7675,4.21279,26.797
32,9547,813,13.9287,4.28413,26.7429
32,9548,826,13.7554,4.23123,26.7603
32,9549,830,13.8193,4.23253,26.6988
32,9550,830,13.8217,4.24337,26.6819
32,9551,827,13.8114,4.22491,26.6844
32,9552,832,13.9483,4.29447,26.6322
32,9553,827,13.9299,4.30109,26.636
32,9554,823,13.7971,4.23694,26.6513
32,9555,838,13.5967,4.17303,26.7041
32,9556,836,13.6974,4.21531,26.7201
32,9557,842,13.5986,4.15321,26.6556
32,9558,845,13.8012,4.25562,26.6367
32,9559,837,13.9618,4.31302,26.6213
32,9560,838,13.6205,4.20883,26.6372
32,9561,837,13.6476,4.21027,26.6571
32,9562,825,13.3091,4.07636,26.6764
32,9563,827,13.5804,4.15236,26.6554
32,9564,827,13.7727,4.17654,26.5998
32,9565,842,13.1686,3.99287,26.5867
32,9566,842,13.0962,3.962,26.5891
32,9567,851,12.9095,3.89777,26.6134
32,9568,840,12.9393,3.8869,26.5952
32,9569,852,12.9319,3.87089,26.5211
32,9570,858,13.0035,3.90326,26.5082
32,9571,858,12.7692,3.81119,26.4965
32,9572,852,12.6843,3.75,26.5094
32,9573,848,12.7134,3.77358,26.5425
32,9574,858,12.8228,3.82751,26.62
32,9575,873,12.8373,3.83276,26.5452
32,9576,874,12.9554,3.82609,26.5355
32,9577,859,13.1618,3.8638,26.5402
32,9578,863,13.2607,3.92932,26.5052
32,9579,871,13.3708,3.97933,26.4822
32,9580,874,13.167,3.94279,26.5606
32,9581,868,13.3641,3.98041,26.5599
32,9582,862,13.1845,3.90023,26.5383
32,9583,863,13.0081,3.87833,26.6535
32,9584,868,12.8733,3.89286,26.5645
32,9585,867,13.0577,3.99308,26.5952
32,9586,862,12.9942,3.9652,26.6265
32,9587,860,12.9779,3.96279,26.607
32,9588,843,12.9727,3.96916,26.6595
32,9589,836,13.0467,3.96172,26.6507
32,9590,846,13.2045,3.97872,26.6903
32,9591,849,13.0942,3.92815,26.7091
32,9592,854,13.0831,3.95667,26.6792
32,9593,851,12.8602,3.89072,26.6792
32,9594,847,12.8808,3.89374,26.6824
32,9595,856,12.8937,3.93458,26.6752
32,9596,868,12.8871,3.92281,26.7005
32,9597,876,12.8105,3.87671,26.6575
32,9598,895,12.6737,3.82905,26.724
32,9599,884,12.7862,3.82353,26.7421
32,9600,872,12.6755,3.74885,26.7569
32,9601,861,12.8537,3.78049,26.6504
32,9602,854,12.9672,3.80562,26.63
32,9603,867,13.0265,3.81084,26.6136
32,9604,866,12.7194,3.6709,26.6005
32,9605,875,12.7657,3.64343,26.6171
32,9606,890,12.9124,3.72022,26.609
32,9607,882,12.9546,3.73583,26.6122
32,9608,879,13.091,3.81342,26.6348
32,9609,886,12.9582,3.73138,26.6907
32,9610,883,13.1382,3.81653,26.7293
32,9611,887,12.9786,3.80947,26.708
32,9612,882,13.0181,3.83673,26.7052
32,9613,896,12.9743,3.83817,26.721
32,9614,893,13.1411,3.92161,26.7749
32,9615,891,13.0079,3.86308,26.8418
32,9616,875,13.0331,3.84686,26.8069
32,9617,863,12.9583,3.79838,26.7509
32,9618,861,13.1069,3.78513,26.7038
32,9619,864,13.2407,3.83449,26.706
32,9620,860,13.1465,3.78605,26.7023
32,9621,851,13.1857,3.81551,26.7262
32,9622,863,13.292,3.84589,26.7416
32,9623,871,13.0987,3.74282,26.7509
32,9624,876,12.9486,3.72032,26.6712
32,9625,871,12.9931,3.77842,26.7118
32,9626,867,13.0438,3.80507,26.7174
32,9627,865,13.1052,3.8474,26.7676
32,9628,864,13.0266,3.7963,26.7616
32,9629,857,12.993,3.78296,26.7515
32,9630,860,12.9477,3.76977,26.7349
32,9631,862,12.7703,3.69258,26.703
32,9632,866,12.843,3.71594,26.6651
32,9633,855,12.8526,3.70409,26.6737
32,9634,865,12.7746,3.65896,26.6566
32,9635,865,12.7827,3.64162,26.7052
32,9636,866,13.0081,3.72171,26.7367
32,9637,866,13.1755,3.75866,26.6721
32,9638,871,13.3088,3.7876,26.6383
32,9639,867,13.2284,3.77624,26.5582
32,9640,870,13.2299,3.72644,26.5149
32,9641,880,13.3455,3.82045,26.4977
32,9642,881,13.3621,3.78661,26.4881
32,9643,877,13.2873,3.72178,26.5268
32,9644,879,13.1411,3.67577,26.6189
32,9645,872,13.0034,3.67087,26.6307
32,9646,874,13.0423,3.6659,26.6293
32,9647,892,12.8879,3.65583,26.6614
32,9648,890,13.0989,3.73596,26.6899
32,9649,902,13.2894,3.8204,26.694
32,9650,897,13.2207,3.79153,26.6377
32,9651,886,12.9944,3.7009,26.5598
32,9652,885,12.8407,3.63955,26.5198
32,9653,879,12.9295,3.66553,26.5688
32,9654,886,13.009,3.65124,26.5463
32,9655,881,13.1884,3.74234,26.5471
32,9656,883,13.3092,3.77576,26.564
32,9657,871,13.3444,3.81286,26.5832
32,9658,859,13.2887,3.80908,26.6636
32,9659,861,13.4262,3.83043,26.669
32,9660,861,13.3403,3.74681,26.5691
32,9661,857,13.5426,3.82497,26.5834
32,9662,847,13.1936,3.68359,26.562
32,9663,858,13.0956,3.67366,26.5828
32,9664,857,13.1167,3.65811,26.6464
32,9665,857,13.0618,3.63711,26.7375
32,9666,861,12.8269,3.57724,26.7526
32,9667,860,12.6709,3.51163,26.7256
32,9668,854,12.7892,3.59602,26.6838
32,9669,852,12.7077,3.58568,26.7254
32,9670,851,12.6063,3.56404,26.792
32,9671,859,12.6915,3.56461,26.8196
32,9672,856,12.5409,3.57126,26.9369
32,9673,853,12.7714,3.62954,26.8816
32,9674,862,12.92,3.69026,26.9606
32,9675,863,12.9293,3.71611,26.971
32,9676,854,12.9742,3.75761,26.9977
32,9677,862,13.0615,3.82483,27.0278
32,9678,872,13.0218,3.8211,27.039
32,9679,864,12.9826,3.79977,27.0278
32,9680,868,13.0806,3.84677,27.0922
32,9681,872,12.9782,3.80161,27.0803
32,9682,867,12.8535,3.74279,27.0496
32,9683,874,12.7963,3.71854,27.0595
32,9684,875,13.0834,3.816,27.0697
32,9685,866,12.9226,3.71363,27.0231
32,9686,851,12.9765,3.72033,27.0176
32,9687,845,13.1219,3.78462,27.103
32,9688,841,13.2794,3.85137,27.1177
32,9689,843,13.172,3.81732,27.1625
32,9690,842,13.0962,3.79572,27.1354
32,9691,844,12.9893,3.75711,27.1588
32,9692,852,13.2124,3.81338,27.169
32,9693,859,13.1688,3.86496,27.1851
32,9694,858,13.2098,3.86713,27.2214
32,9695,867,13.2099,3.86044,27.1995
32,9696,863,13.3105,3.92468,27.1958
32,9697,866,13.2783,3.92263,27.2286
32,9698,884,13.1459,3.88575,27.3122
32,9699,881,13.0817,3.85812,27.2531
32,9700,877,13.2246,3.87001,27.2406
32,9701,865,13.3295,3.91445,27.2416
32,9702,868,13.2581,3.86175,27.2281
32,9703,854,13.3349,3.89344,27.1827
32,9704,857,13.5228,3.9825,27.2182
32,9705,850,13.4847,3.99882,27.2376
32,9706,847,13.2314,3.92326,27.1854
32,9707,842,12.8777,3.79454,27.1853
32,9708,852,13.0211,3.83568,27.1385
32,9709,850,13.0753,3.85647,27.1765
32,9710,864,13.0544,3.84491,27.1921
32,9711,871,12.9724,3.85304,27.1963
32,9712,862,13.0545,3.87703,27.2088
32,9713,878,13.2893,3.96697,27.2096
32,9714,886,13.2393,3.94808,27.167
32,9715,869,13.206,3.94361,27.1692
32,9716,869,13.2244,3.98274,27.1715
32,9717,875,13.1669,3.97943,27.1703
32,9718,874,13.0206,3.93021,27.2426
32,9719,855,13.1544,3.99532,27.2585
32,9720,845,12.8107,3.87929,27.1929
32,9721,838,12.8305,3.89021,27.2291
32,9722,837,12.7527,3.87455,27.2688
32,9723,850,12.7176,3.84235,27.2706
32,9724,848,12.4965,3.75825,27.2948
32,9725,840,12.3143,3.66071,27.2881
32,9726,824,12.3944,3.65777,27.2403
32,9727,835,12.3868,3.68144,27.3102
32,9728,831,12.7762,3.81829,27.302
32,9729,838,12.5979,3.74463,27.253
32,9730,848,12.6568,3.76061,27.2453
32,9731,838,12.6742,3.7852,27.2148
32,9732,839,12.7473,3.8081,27.23
32,9733,837,12.8734,3.82915,27.1589
32,9734,824,12.784,3.82646,27.1383
32,9735,840,12.719,3.82619,27.1405
32,9736,825,12.5818,3.80606,27.1612
32,9737,814,12.731,3.82432,27.1769
32,9738,819,12.9548,3.94139,27.1893
32,9739,805,13.1503,3.99006,27.2422
32,9740,805,13.2919,4.02733,27.2795
32,9741,810,13.1654,3.99383,27.3358
32,9742,822,13.1472,3.95134,27.326
32,9743,809,13.0964,3.93078,27.288
32,9744,804,13.1517,3.89925,27.1244
32,9745,804,13.1368,3.93657,27.1592
32,9746,805,12.9292,3.88696,27.1975
32,9747,803,12.924,3.87298,27.1208
32,9748,799,12.9775,3.89487,27.0788
32,9749,794,12.9635,3.89673,27.0831
32,9750,804,12.8669,3.88433,27.0821
32,9751,812,12.9704,3.9335,27.0345
32,9752,800,13.2137,4.015,26.99
32,9753,800,13.2387,3.9975,27.03
32,9754,792,13.4407,4.10227,27.0025
32,9755,782,13.3555,4.04859,26.9872
32,9756,784,13.4719,4.08036,27.0255
32,9757,776,13.5464,4.11985,27.0335
32,9758,777,13.6384,4.18404,27.0553
32,9759,768,13.5716,4.1862,27.0703
32,9760,756,13.6336,4.1627,27.0238
32,9761,768,13.4935,4.11979,27.1354
32,9762,770,13.5403,4.14935,27.0935
32,9763,779,13.7651,4.27728,27.0244
32,9764,780,13.9718,4.36923,27.0923
32,9765,785,14.0382,4.39618,27.121
32,9766,796,13.9585,4.41583,27.1382
32,9767,801,13.8689,4.37328,27.1511
32,9768,794,13.7997,4.35139,27.2116
32,9769,788,13.736,4.26777,27.1269
32,9770,780,13.7256,4.28718,27.1641
32,9771,787,13.6302,4.29352,27.202
32,9772,785,13.4637,4.23822,27.2968
32,9773,770,13.5714,4.27013,27.2597
32,9774,763,13.405,4.22936,27.2713
32,9775,778,13.1144,4.13882,27.3033
32,9776,774,13.3618,4.20026,27.2997
32,9777,776,13.5399,4.28351,27.3067
32,9778,781,13.6543,4.29065,27.3316
32,9779,794,13.6675,4.3136,27.335
32,9780,794,13.5479,4.28086,27.3728
32,9781,790,13.7949,4.34557,27.2962
32,9782,796,13.8392,4.36809,27.2387
32,9783,795,13.6767,4.29434,27.205
32,9784,785,13.5643,4.28408,27.2
32,9785,786,13.6374,4.31679,27.1399
32,9786,783,13.6641,4.32695,27.1418
32,9787,776,13.7461,4.36856,27.116
32,9788,781,13.7388,4.33803,27.0704
32,9789,789,13.6819,4.27503,27.0824
32,9790,793,13.5675,4.22573,26.9962
32,9791,786,13.6768,4.29008,27.0254
32,9792,783,13.645,4.26692,27.0243
32,9793,787,13.4307,4.15248,27.0165
32,9794,792,13.2563,4.07071,27.0152
32,9795,800,13.2112,4.08,27.07
32,9796,797,13.1957,4.05772,27.059
32,9797,787,13.1741,4.05337,27.0394
32,9798,781,13.3918,4.1178,27.0423
32,9799,795,13.4805,4.15975,27.0742
32,9800,798,13.4048,4.15163,27.1053
32,9801,790,13.3671,4.12152,27.0354
32,9802,794,13.427,4.13224,27.131
32,9803,804,13.2002,4.05224,27.1269
32,9804,805,13.1901,4.02484,27.0634
32,9805,822,13.0255,3.98175,26.9976
32,9806,837,13.2019,4.08961,27.0323
32,9807,848,13.1073,4.08255,27.0307
32,9808,835,13.0934,4.04192,27.0563
32,9809,824,13.199,4.10437,27.1019
32,9810,823,13.3463,4.16039,27.1009
32,9811,829,13.2147,4.14355,27.1387
32,9812,821,13.2899,4.1352,27.1376
32,9813,825,13.257,4.13455,27.1806
32,9814,828,13.2947,4.15097,27.1135
32,9815,825,13.3345,4.15879,27.1612
32,9816,825,13.4715,4.16,27.103
32,9817,812,13.3781,4.11084,27.1355
32,9818,823,13.5334,4.17861,27.1373
32,9819,821,13.7479,4.25944,27.1425
32,9820,827,13.4534,4.18501,27.1947
32,9821,840,13.2869,4.1369,27.2214
32,9822,834,13.3645,4.16427,27.2182
32,9823,840,13.1583,4.08929,27.2095
32,9824,844,13.3377,4.12678,27.2085
32,9825,847,13.2999,4.13341,27.1405
32,9826,844,13.1126,4.04265,27.1754
32,9827,860,13.157,4.0593,27.1465
32,9828,857,13.2112,4.03151,27.1132
32,9829,852,13.1948,3.98592,27.0493
32,9830,853,13.2521,4.02345,26.966
32,9831,863,13.3117,4.05562,26.9873
32,9832,847,13.34,4.05077,26.9185
32,9833,863,13.0603,3.98146,26.9757
32,9834,862,13.2088,4.0522,26.9884
32,9835,870,13.0747,3.98966,27.0253
32,9836,865,13.2994,4.02428,26.9642
32,9837,855,13.2596,3.99298,26.8725
32,9838,857,13.4026,4.02334,26.8471
32,9839,846,13.4716,3.99645,26.792
32,9840,857,13.6091,4.05601,26.7678
32,9841,861,13.6841,4.08362,26.7944
32,9842,857,13.5169,4.02217,26.7841
32,9843,856,13.4428,4.0222,26.7173
32,9844,857,13.5333,4.06184,26.7165
32,9845,864,13.6447,4.10532,26.7361
32,9846,858,13.676,4.16317,26.7925
32,9847,848,13.6415,4.12146,26.8113
32,9848,841,13.44,4.02616,26.7586
32,9849,848,13.3927,4.0566,26.7995
32,9850,862,13.2355,4.00464,26.7865
32,9851,856,13.2886,4.04673,26.7991
32,9852,860,13.086,3.96163,26.793
32,9853,857,13.3151,4.05018,26.8028
32,9854,848,13.4776,4.14623,26.8325
32,9855,841,13.5707,4.13912,26.7967
32,9856,850,13.5459,4.17294,26.7341
32,9857,853,13.7351,4.24971,26.7339
32,9858,852,13.8181,4.28521,26.7465
32,9859,846,13.8723,4.29433,26.7518
32,9860,832,13.774,4.26322,26.7115
32,9861,824,13.7828,4.22694,26.7379
32,9862,817,13.7491,4.20318,26.7368
32,9863,829,13.5464,4.10736,26.6128
32,9864,839,13.5113,4.06555,26.6007
32,9865,849,13.2521,3.97644,26.6502
32,9866,861,13.1034,3.91173,26.6551
32,9867,858,13.0921,3.90093,26.6527
32,9868,857,13.1237,3.92065,26.6838
32,9869,868,12.8525,3.83065,26.6705
32,9870,854,12.9742,3.85012,26.5878
32,9871,844,12.6682,3.69668,26.5735
32,9872,853,12.6436,3.6823,26.5862
32,9873,844,12.5154,3.64336,26.5948
32,9874,849,12.3769,3.62662,26.6313
32,9875,841,12.7539,3.74554,26.6611
32,9876,836,12.9797,3.84211,26.6268
32,9877,809,12.9654,3.8047,26.5686
32,9878,816,13.0882,3.8223,26.5907
32,9879,829,13.2352,3.88902,26.5935
32,9880,834,13.1918,3.88969,26.6043
32,9881,826,13.3995,3.977,26.569
32,9882,826,13.5714,3.98426,26.5327
32,9883,833,13.7035,4.09484,26.5258
32,9884,843,13.6809,4.07948,26.484
32,9885,860,13.6837,4.08837,26.507
32,9886,859,13.6845,4.05006,26.5262
32,9887,857,13.6581,4.01517,26.5344
32,9888,868,13.4412,3.96429,26.5645
32,9889,879,13.5028,3.9818,26.6394
32,9890,883,13.4847,3.96376,26.6297
32,9891,890,13.5067,3.98764,26.6337
32,9892,891,13.2795,3.92817,26.5679
32,9893,882,13.4717,4.01361,26.5193
32,9894,890,13.5854,4.08539,26.5416
32,9895,881,13.7253,4.12599,26.5471
32,9896,886,13.7686,4.14673,26.5056
32,9897,896,13.7879,4.16295,26.4777
32,9898,885,13.8215,4.13559,26.4723
32,9899,885,13.9751,4.14689,26.452
32,9900,878,13.828,4.07517,26.5103
32,9901,881,13.8161,4.01816,26.5516
32,9902,898,13.765,4.01559,26.4833
32,9903,894,13.6678,3.9698,26.5213
32,9904,891,13.5499,3.89899,26.4848
32,9905,893,13.6125,3.92385,26.4972
32,9906,889,13.5613,3.91114,26.4994
32,9907,890,13.264,3.79438,26.4742
32,9908,880,13.2318,3.76818,26.4909
32,9909,893,13.0269,3.7346,26.4882
32,9910,889,13.0979,3.77728,26.5332
32,9911,902,13.0011,3.75721,26.49
32,9912,893,13.0314,3.74356,26.4099
32,9913,912,12.8596,3.68531,26.4825
32,9914,907,12.9559,3.72437,26.4609
32,9915,892,13.093,3.72758,26.4462
32,9916,875,13.1269,3.68343,26.4297
32,9917,883,12.9638,3.64892,26.4666
32,9918,888,13.0788,3.69144,26.455
32,9919,895,13.086,3.66704,26.4648
32,9920,901,13.0222,3.61487,26.4573
32,9921,893,12.9832,3.56999,26.3919
32,9922,899,12.9333,3.63515,26.4672
32,9923,902,12.7838,3.63082,26.4967
32,9924,897,12.961,3.69677,26.5373
32,9925,889,12.9651,3.66479,26.5129
32,9926,870,13.0023,3.66437,26.508
32,9927,858,13.1527,3.73427,26.4103
32,9928,860,12.9895,3.69302,26.3395
32,9929,871,12.9943,3.63949,26.3352
32,9930,863,12.9548,3.63036,26.3662
32,9931,877,12.886,3.62372,26.3489
32,9932,890,13.0584,3.68652,26.3303
32,9933,880,13.0534,3.68636,26.3091
32,9934,869,13.0909,3.66743,26.3199
32,9935,875,13.0206,3.66629,26.3931
32,9936,868,13.3341,3.76613,26.424
32,9937,870,13.1218,3.71494,26.3931
32,9938,887,13.1274,3.72943,26.3653
32,9939,879,13.306,3.79408,26.3754
32,9940,875,13.2491,3.76571,26.4
32,9941,872,13.211,3.74197,26.3784
32,9942,881,12.9069,3.6765,26.42
32,9943,891,12.9158,3.69248,26.4489
32,9944,892,12.8094,3.60987,26.4641
32,9945,888,12.7455,3.59234,26.5158
32,9946,891,12.8361,3.58698,26.4467
32,9947,890,12.7528,3.53483,26.4112
32,9948,896,12.9241,3.62723,26.3973
32,9949,897,13.1059,3.72018,26.4392
32,9950,900,13.16,3.72444,26.3956
32,9951,904,13.0122,3.66372,26.3827
32,9952,911,13.09,3.66411,26.3776
32,9953,909,13.0352,3.60506,26.3806
32,9954,914,13.1193,3.60832,26.3479
32,9955,897,13.1159,3.5786,26.3411
32,9956,900,13.26,3.63889,26.3067
32,9957,892,13.3374,3.65247,26.2848
32,9958,903,13.0177,3.57143,26.2857
32,9959,890,13.0865,3.59551,26.218
32,9960,891,13.2727,3.64198,26.1908
32,9961,887,13.1263,3.59865,26.1736
32,9962,884,13.1799,3.61652,26.1878
32,9963,879,13.2947,3.62571,26.1889
32,9964,880,13.2443,3.63523,26.1659
32,9965,876,13.1233,3.61872,26.1712
32,9966,891,12.9978,3.5881,26.1975
32,9967,884,12.9729,3.57127,26.2421
32,9968,890,13.0809,3.61798,26.2315
32,9969,897,12.8963,3.54515,26.2586
32,9970,902,12.8925,3.54767,26.2239
32,9971,903,13.0221,3.6268,26.1971
32,9972,890,12.9798,3.60562,26.1461
32,9973,886,12.9661,3.60271,26.1558
32,9974,894,12.8501,3.56488,26.1924
32,9975,893,12.9328,3.62262,26.2038
32,9976,897,12.922,3.64326,26.1918
32,9977,903,13.0897,3.70986,26.1816
32,9978,902,13.1707,3.70399,26.102
32,9979,889,13.2981,3.74241,26.1417
32,9980,885,13.1299,3.66667,26.0701
32,9981,882,13.305,3.73243,26.1701
32,9982,886,13.5858,3.86005,26.1851
32,9983,895,13.381,3.80223,26.2034
32,9984,898,13.2584,3.76949,26.2027
32,9985,899,13.2625,3.79867,26.1691
32,9986,895,13.181,3.72402,26.1743
32,9987,906,13.1115,3.69316,26.1391
32,9988,901,13.1332,3.67814,26.0799
32,9989,899,13.2925,3.7386,26.0489
32,9990,898,13.245,3.75056,26.098
32,9991,904,13.3916,3.78872,26.1438
32,9992,906,13.2914,3.7649,26.1545
32,9993,905,13.1834,3.73149,26.1856
32,9994,905,13.1072,3.70387,26.095
32,9995,899,13.0423,3.68632,26.0578
32,9996,898,13.0212,3.67372,26.0891
32,9997,894,12.9732,3.64989,26.0179
32,9998,891,13.1134,3.71044,26.0337
32,9999,894,13.1544,3.71812,26.0582
